   1.0000000000000000        6375.0000000000000       0.31523303346679971       0.68520641018393669       0.68520641010849714       0.31523303347388459     
   1.0000000000000000        6475.0000000000000       0.60499183135143408       0.39549443230365511       0.39549443230818809       0.60499183127785072     
   1.0000000000000000        6575.0000000000000       0.47589176842359082       0.52474543610014057       0.52474543602879664       0.47589176842227426     
   1.0000000000000000        6675.0000000000000       0.43836474322680308       0.56229083642067301       0.56229083641387223       0.43836474316020435     
   1.0000000000000000        6775.0000000000000       0.65473851470861955       0.34613579650288878       0.34613579644178294       0.65473851469229449     
   1.0000000000000000        6875.0000000000000       0.25673436959289697       0.74417029965045944       0.74417029962563586       0.25673436954005119     
   1.0000000000000000        6975.0000000000000       0.81989480227001188       0.18123616551642910       0.18123616547131036       0.81989480223343880     
   1.0000000000000000        7075.0000000000000       0.12175181422009453       0.87936124269709348       0.87936124265235083       0.12175181418329523     
   1.0000000000000000        7175.0000000000000       0.92752753507742713        7.3873438771779140E-002   7.3873438743008127E-002  0.92752753502147423     
   1.0000000000000000        7275.0000000000000        3.4944062579700820E-002  0.96632340530504968       0.96632340523991744        3.4944062560549077E-002
   1.0000000000000000        7375.0000000000000       0.99275613223478898        8.8423105374272927E-003   8.8423105280257212E-003  0.99275613215677705     
   1.0000000000000000        7475.0000000000000        5.0204992200583632E-005   1.0013366311047764        1.0013366310177148        5.0204992658231664E-005
   1.0000000000000000        7575.0000000000000       0.99258146459304786        9.0637782554272468E-003   9.0637782640414916E-003  0.99258146449537943     
   1.0000000000000000        7675.0000000000000        3.1372420737313091E-002  0.96989578826225675       0.96989578815868305        3.1372420752478196E-002
   1.0000000000000000        7775.0000000000000       0.93592634310628509        6.5614776932810120E-002   6.5614776953578147E-002  0.93592634299546207     
   1.0000000000000000        7875.0000000000000       0.11547623422914695       0.88539380233739828       0.88539380222346842       0.11547623425379884     
   1.0000000000000000        7975.0000000000000       0.81768879498006830       0.18331087994841291       0.18331087997614942       0.81768879486197754     
   1.0000000000000000        8075.0000000000000       0.26315566560124576       0.73684827930909236       0.73684827919220708       0.26315566562881637     
   1.0000000000000000        8175.0000000000000       0.65434419319412407       0.34555838423392160       0.34555838426047758       0.65434419307783309     
   1.0000000000000000        8275.0000000000000       0.42497583253867377       0.57362732802519623       0.57362732791283089       0.42497583256185945     
   1.0000000000000000        8375.0000000000000       0.49295243586918946       0.50536814720701584       0.50536814722530699       0.49295243576179515     
   1.0000000000000000        8475.0000000000000       0.59226280741923087       0.40427392092556808       0.40427392082651098       0.59226280743015181     
   1.0000000000000000        8575.0000000000000       0.31276911492571763       0.68290912431686412       0.68290912431751294       0.31276911483686304     
   1.0000000000000000        8675.0000000000000       0.76625031809055544       0.22695108500051603       0.22695108492450564       0.76625031807944677     
   1.0000000000000000        8775.0000000000000       0.15729786093004514       0.83470116766084235       0.83470116763752089       0.15729786086682374     
   1.0000000000000000        8875.0000000000000       0.88708066441057531       0.10217719984841429       0.10217719979744930       0.88708066437519784     
   1.0000000000000000        8975.0000000000000        5.8633037500890099E-002  0.92885571955325830       0.92885571950530088        5.8633037462739693E-002
   1.0000000000000000        9075.0000000000000       0.96052196216341879        2.3817652393778515E-002   2.3817652370264782E-002  0.96052196210056606     
   1.0000000000000000        9175.0000000000000        3.6155985835680522E-003  0.97783216986307897       0.97783216978675946        3.6155985744398406E-003
   1.0000000000000000        9275.0000000000000       0.97592315370395399        1.4977882187534799E-003   1.4977882242783605E-003  0.97592315361327331     
   1.0000000000000000        9375.0000000000000        1.5383223368023086E-002  0.95893558164819859       0.95893558154612224        1.5383223385188769E-002
   1.0000000000000000        9475.0000000000000       0.92871754895412040        4.2007252666986565E-002   4.2007252693746319E-002  0.92871754884234814     
   1.0000000000000000        9575.0000000000000        7.9770686312616995E-002  0.88667980386797773       0.88667980374824085        7.9770686347064551E-002
   1.0000000000000000        9675.0000000000000       0.82752461435159053       0.13578360633174871       0.13578360637311387       0.82752461422458523     
   1.0000000000000000        9775.0000000000000       0.20572153040937766       0.75214742680112268       0.75214742667105861       0.20572153045402958     
   1.0000000000000000        9875.0000000000000       0.66608621078852737       0.28802159240441444       0.28802159245114545       0.66608621065626672     
   1.0000000000000000        9975.0000000000000       0.36648656895077097       0.58291172698248095       0.58291172685215831       0.36648656899453408     
   1.0000000000000000        10075.000000000000       0.50120833215990201       0.44626282649225657       0.44626282653253635       0.50120833203362447     
   1.0000000000000000        10175.000000000000       0.52216938186565653       0.41895494006813661       0.41895493994858429       0.52216938189864248     
   1.0000000000000000        10275.000000000000       0.32988419742634972       0.61190171823101047       0.61190171825486217       0.32988419731638952     
   1.0000000000000000        10375.000000000000       0.69315446064039743       0.24213746906153891       0.24213746896529809       0.69315446065003150     
   1.0000000000000000        10475.000000000000       0.16340423567249815       0.77334326326242964       0.77334326325815539       0.16340423559130507     
   1.0000000000000000        10575.000000000000       0.82826619146350011       0.10392148997202232       0.10392148990671372       0.82826619144263325     
   1.0000000000000000        10675.000000000000        5.8446527481510066E-002  0.87926994526475788       0.87926994522960666        5.8446527432051733E-002
   1.0000000000000000        10775.000000000000       0.90626023068438766        2.5078621030614520E-002   2.5078620998453757E-002  0.90626023063177819     
   1.0000000000000000        10875.000000000000        3.9532636922033852E-003  0.93857125353210114       0.93857125346282244        3.9532636794373825E-003
   1.0000000000000000        10975.000000000000       0.93713352138258599        1.9065753907753149E-003   1.9065753984067091E-003  0.93713352129294081     
   1.0000000000000000        11075.000000000000        1.9130713450518401E-002  0.93326944388508359       0.93326944377901533        1.9130713477268812E-002
   1.0000000000000000        11175.000000000000       0.90104440466869162        5.1367053823217428E-002   5.1367053865905593E-002  0.90104440454746493     
   1.0000000000000000        11275.000000000000        9.7498619897009559E-002  0.87357544555116384       0.87357544541905441        9.7498619953396148E-002
   1.0000000000000000        11375.000000000000       0.81356456716570547       0.15644349749202641       0.15644349756058953       0.81356456702347624     
   1.0000000000000000        11475.000000000000       0.23800536027433436       0.75932893058034967       0.75932893043089011       0.23800536035287287     
   1.0000000000000000        11575.000000000000       0.66754576516712738       0.33516533278026323       0.33516533286664502       0.66754576501243101     
   1.0000000000000000        11675.000000000000       0.44372381513746778       0.58964607576572159       0.58964607561024240       0.44372381522822890     
   1.0000000000000000        11775.000000000000       0.49896392796805850       0.54301650846641059       0.54301650855685846       0.49896392781609372     
   1.0000000000000000        11875.000000000000       0.64771187994047696       0.42907300988306690       0.42907300973561979       0.64771188002927138     
   1.0000000000000000        11975.000000000000       0.33685733496905929       0.74926755662835309       0.74926755670944267       0.33685733483282065     
   1.0000000000000000        12075.000000000000       0.86756261209982621       0.26213966679250300       0.26213966666870220       0.86756261217074715     
   1.0000000000000000        12175.000000000000       0.17269880714294822       0.97555320248756439       0.97555320254341549       0.17269880703839602     
   1.0000000000000000        12275.000000000000        1.0821900845671137       0.11160651372860561       0.11160651364352875        1.0821900846049859     
   1.0000000000000000        12375.000000000000        5.9225135410966412E-002   1.1538093646583223        1.1538093646779914        5.9225135348141285E-002
   1.0000000000000000        12475.000000000000        1.2288354217807471        2.8894114506733352E-002   2.8894114462618043E-002   1.2288354217822599     
   1.0000000000000000        12575.000000000000        5.0354748743240505E-003   1.2749824781527754        1.2749824781331338        5.0354748561139825E-003
   1.0000000000000000        12675.000000000000        1.3279168508230195        1.2339628315749794E-003   1.2339628367665761E-003   1.3279168507782184     
   1.0000000000000000        12775.000000000000        1.7382922712605126E-002   1.3421443379586020        1.3421443378881550        1.7382922746869495E-002

