   3.1250000000000000E-002   787.50000000000000       0.84079797794464584       0.15920114489048470       0.15920114489202922       0.84079797794312328     
   3.3203125000000000E-002   787.50000000000000       0.85206068022619108       0.14793749453352667       0.14793749453482652       0.85206068022483172     
   3.5156250000000000E-002   787.50000000000000       0.82744500592877523       0.17255920753990422       0.17255920754080190       0.82744500592785175     
   3.7109375000000000E-002   787.50000000000000       0.84005164417190425       0.15994728981933257       0.15994728981922435       0.84005164417208078     
   3.9062500000000000E-002   787.50000000000000       0.86070219592206898       0.13929740031884594       0.13929740031873428       0.86070219592217567     
   4.1015625000000000E-002   787.50000000000000       0.87873863153949350       0.12126019406622145       0.12126019406668247       0.87873863153902265     
   4.2968750000000000E-002   787.50000000000000       0.84382080780542135       0.15617972445085848       0.15617972445071424       0.84382080780553703     
   4.4921875000000000E-002   787.50000000000000       0.85659374380037157       0.14340581282417011       0.14340581282489728       0.85659374379958753     
   4.6875000000000000E-002   787.50000000000000       0.89712389671021908       0.10287582866752114       0.10287582866717790       0.89712389671055182     
   4.8828125000000000E-002   787.50000000000000       0.92895026529371894        7.1049018253846519E-002   7.1049018253972349E-002  0.92895026529358005     
   5.0781250000000000E-002   787.50000000000000       0.86102384021468426       0.13897462604212824       0.13897462604226427       0.86102384021450851     
   5.2734375000000000E-002   787.50000000000000       0.85089756163826424       0.14910349484959579       0.14910349484981270       0.85089756163812802     
   5.4687500000000000E-002   787.50000000000000       0.96381455006462557        3.6184795750848070E-002   3.6184795751102818E-002  0.96381455006439598     
   5.6640625000000000E-002   787.50000000000000       0.99890953966478147        1.0896266524922766E-003   1.0896266525073320E-003  0.99890953966473128     
   5.8593750000000000E-002   787.50000000000000       0.69785783636603682       0.30213975758088435       0.30213975758088374       0.69785783636580256     
   6.0546875000000000E-002   787.50000000000000       0.20656628271260802       0.79343357018036997       0.79343357018083949       0.20656628271323069     
   6.2500000000000000E-002   787.50000000000000       0.73935133107019468       0.26064661161521180       0.26064661161496333       0.73935133107139817     
   6.4453125000000000E-002   787.50000000000000       0.72337351006177764       0.27662220398140658       0.27662220398119114       0.72337351006053519     
   6.6406250000000000E-002   787.50000000000000       0.13253425512260286       0.86746643271113599       0.86746643271075541       0.13253425512330702     
   6.8359375000000000E-002   787.50000000000000       0.23965411998569669       0.76034380995412421       0.76034380995424566       0.23965411998559277     
   7.0312500000000000E-002   787.50000000000000       0.43431030479378191       0.56569018593134412       0.56569018593100351       0.43431030479409899     
   7.2265625000000000E-002   787.50000000000000       0.53760076551395619       0.46239778455558872       0.46239778455478187       0.53760076551493141     
   7.4218750000000000E-002   787.50000000000000       0.48811570411150740       0.51188570554029011       0.51188570553966006       0.48811570411210031     
   7.6171875000000000E-002   787.50000000000000       0.51267797263635495       0.48732034974788085       0.48732034974759653       0.51267797263669257     
   7.8125000000000000E-002   787.50000000000000       0.57801064717648776       0.42198948542337050       0.42198948542314246       0.57801064717672812     
   8.0078125000000000E-002   787.50000000000000       0.61377097224120203       0.38622834866104033       0.38622834865990185       0.61377097224231014     
   8.2031250000000000E-002   787.50000000000000       0.60079377109969101       0.39920701877828646       0.39920701877921733       0.60079377109868048     
   8.3984375000000000E-002   787.50000000000000       0.60362942587281088       0.39636948546284984       0.39636948546389256       0.60362942587174973     
   8.5937500000000000E-002   787.50000000000000       0.63500800309733929       0.36499209906552293       0.36499209906575486       0.63500800309710026     
   8.7890625000000000E-002   787.50000000000000       0.65323091512417397       0.34676869576948205       0.34676869577005098       0.65323091512361631     
   8.9843750000000000E-002   787.50000000000000       0.64729436304252830       0.35270608839036766       0.35270608838977596       0.64729436304309818     
   9.1796875000000000E-002   787.50000000000000       0.64487940580632175       0.35511989984220754       0.35511989984284770       0.64487940580565450     
   9.3750000000000000E-002   787.50000000000000       0.66343696105115646       0.33656313292300366       0.33656313292253875       0.66343696105162864     
   9.5703125000000000E-002   787.50000000000000       0.67547273071140435       0.32452702853424920       0.32452702853210413       0.67547273071355518     
   9.7656250000000000E-002   787.50000000000000       0.67192750336025830       0.32807276422433768       0.32807276422450227       0.67192750336009377     
   9.9609375000000000E-002   787.50000000000000       0.66780460710031642       0.33219496488180794       0.33219496488120070       0.66780460710089118     
  0.10156250000000000        787.50000000000000       0.68002620490013677       0.31997387735772670       0.31997387735732524       0.68002620490054744     
  0.10351562500000000        787.50000000000000       0.68938698736744930       0.31061285877069278       0.31061285877254274       0.68938698736558612     
  0.10546875000000000        787.50000000000000       0.68701310128592141       0.31298706228457973       0.31298706228451151       0.68701310128598825     
  0.10742187500000000        787.50000000000000       0.68223022644361497       0.31776952669737479       0.31776952669707137       0.68223022644393272     
  0.10937500000000000        787.50000000000000       0.69070314949993172       0.30929691571103046       0.30929691571237450       0.69070314949858835     
  0.11132812500000000        787.50000000000000       0.69874684313163515       0.30125305699355881       0.30125305699330363       0.69874684313189095     
  0.11328125000000000        787.50000000000000       0.69714548014944266       0.30285462246273787       0.30285462246423439       0.69714548014794120     
  0.11523437500000000        787.50000000000000       0.69209484228206353       0.30790503240904410       0.30790503240769557       0.69209484228345275     
  0.11718750000000000        787.50000000000000       0.69804465054568698       0.30195539423917933       0.30195539424019119       0.69804465054465925     
  0.11914062500000000        787.50000000000000       0.70536447400195890       0.29463546054512130       0.29463546054539558       0.70536447400170155     
  0.12109375000000000        787.50000000000000       0.70439485761410781       0.29560520807960883       0.29560520807978835       0.70439485761392473     
  0.12304687500000000        787.50000000000000       0.69925865934463849       0.30074129422897822       0.30074129422907686       0.69925865934455189     
  0.12500000000000000        787.50000000000000       0.70334175791369158       0.29665826560441960       0.29665826560291425       0.70334175791519959     
  0.12695312500000000        787.50000000000000       0.71020739352958406       0.28979256332042230       0.28979256332072734       0.71020739352928020     
  0.12890625000000000        787.50000000000000       0.70982147576578314       0.29017856682380860       0.29017856682467280       0.70982147576489885     
  0.13085937500000000        787.50000000000000       0.70470614638882945       0.29529385557978088       0.29529385558146432       0.70470614638713458     
  0.13281250000000000        787.50000000000000       0.70731059580302924       0.29268940790190046       0.29268940790342646       0.70731059580151601     
  0.13476562500000000        787.50000000000000       0.71383682802506254       0.28616314360493139       0.28616314360430434       0.71383682802569093     
  0.13671875000000000        787.50000000000000       0.71402040446647286       0.28597962320938070       0.28597962320950632       0.71402040446634718     
  0.13867187500000000        787.50000000000000       0.70900312490798401       0.29099690409890905       0.29099690409916157       0.70900312490774842     
  0.14062500000000000        787.50000000000000       0.71037975728826108       0.28962022979366037       0.28962022979472074       0.71037975728718739     
  0.14257812500000000        787.50000000000000       0.71660057712246727       0.28339940469628216       0.28339940469765545       0.71660057712109015     
  0.14453125000000000        787.50000000000000       0.71734931431558002       0.28265070348005267       0.28265070347929405       0.71734931431633608     
  0.14648437500000000        787.50000000000000       0.71249550175522425       0.28750453983941454       0.28750453983828944       0.71249550175634802     
  0.14843750000000000        787.50000000000000       0.71282119979127567       0.28717877492240618       0.28717877492140403       0.71282119979228842     
  0.15039062500000000        787.50000000000000       0.71872623358015797       0.28127375565763002       0.28127375565739587       0.71872623358037879     
  0.15234375000000000        787.50000000000000       0.72003493694989007       0.27996507415977367       0.27996507416037725       0.72003493694928922     
  0.15429687500000000        787.50000000000000       0.71540492426979418       0.28459512061250059       0.28459512061199860       0.71540492427030322     
