  0.78539818525314331       0.20000000298023224       0.14827646803228842       0.39560291127885755       0.35182400707087685       0.10429661361798724       0.39560291127885533        8.9904595754976266E-002  0.16266848589529811       0.35182400707087064       0.35182400707087225       0.16266848589530045        8.9904595754975572E-002  0.39560291127885827       0.10429661361798695       0.35182400707087369       0.39560291127885544       0.14827646803228958     

  0.78539818525314331       0.21562500298023224       0.14868900640616969       0.39592342160906430       0.35141660114943324       0.10397097083533052       0.39592342160906413        8.9346579126667464E-002  0.16331339811483242       0.35141660114943563       0.35141660114943418       0.16331339811483431        8.9346579126668296E-002  0.39592342160906374       0.10397097083533254       0.35141660114943507       0.39592342160906291       0.14868900640616792     

  0.78539818525314331       0.23125000298023224       0.14913321929545667       0.39626693026009363       0.35097809586979445       0.10362175457465242       0.39626693026009568        8.8748106775062008E-002  0.16400686709505066       0.35097809586979667       0.35097809586979456       0.16400686709505150        8.8748106775060093E-002  0.39626693026009291       0.10362175457465221       0.35097809586979678       0.39626693026009541       0.14913321929545784     

  0.78539818525314331       0.24687500298023224       0.14960924851874666       0.39663319621316617       0.35050839413527846       0.10324916113280053       0.39663319621317389        8.8109512414891886E-002  0.16474889723665351       0.35050839413528317       0.35050839413528212       0.16474889723665329        8.8109512414891886E-002  0.39663319621317122       0.10324916113279838       0.35050839413528223       0.39663319621316856       0.14960924851874741     

  0.78539818525314331       0.26249998807907104       0.15011724498488674       0.39702196058552225       0.35000739411615633       0.10285340031343713       0.39702196058551803        8.7431156359070727E-002  0.16553948893925272       0.35000739411615672       0.35000739411615722       0.16553948893925344        8.7431156359067869E-002  0.39702196058551875       0.10285340031343732       0.35000739411615817       0.39702196058552408       0.15011724498488535     

  0.78539818525314331       0.27812498807907104       0.15065737059210385       0.39743294801556145       0.34947498762160245       0.10243469377073337       0.39743294801555629        8.6713423400165635E-002  0.16637864096267302       0.34947498762160351       0.34947498762160206       0.16637864096266972        8.6713423400167439E-002  0.39743294801555823       0.10243469377073458       0.34947498762160389       0.39743294801556017       0.15065737059210424     

  0.78539818525314331       0.29374998807907104       0.15122979524682917       0.39786586431345661       0.34891106329837435       0.10199327714133706       0.39786586431346055        8.5956727226711674E-002  0.16726634516145170       0.34891106329837684       0.34891106329837540       0.16726634516145447        8.5956727226710272E-002  0.39786586431346432       0.10199327714133688       0.34891106329837435       0.39786586431346194       0.15122979524682456     

  0.78539818525314331       0.30937498807907104       0.15183469869064103       0.39832039779381584       0.34831550510046011       0.10152939841508332       0.39832039779381218        8.5161508432837207E-002  0.16820258867288906       0.34831550510045972       0.34831550510045972       0.16820258867288657        8.5161508432837985E-002  0.39832039779381428       0.10152939841508410       0.34831550510046050       0.39832039779381306       0.15183469869064112     

  0.78539818525314331       0.32499998807907104       0.15247226994508806       0.39879621878215421       0.34768819312132770       0.10104331815142789       0.39879621878215760        8.4328235730650111E-002  0.16918735236586216       0.34768819312132759       0.34768819312132671       0.16918735236586435        8.4328235730651305E-002  0.39879621878215299       0.10104331815142729       0.34768819312132904       0.39879621878215449       0.15247226994508850     

  0.78539818525314331       0.34062498807907104       0.15314270721967138       0.39929297947799397       0.34702900398148889       0.10053530932084283       0.39929297947799708        8.3457406557665939E-002  0.17022060998285196       0.34702900398149400       0.34702900398148928       0.17022060998285304        8.3457406557663857E-002  0.39929297947799341       0.10053530932084491       0.34702900398149084       0.39929297947799652       0.15314270721967127     

  0.78539818525314331       0.35624998807907104       0.15384621781372904       0.39981031381476745       0.34633781123390994       0.10000565713758780       0.39981031381477233        8.2549547705913037E-002  0.17130232724540620       0.34633781123391166       0.34633781123391033       0.17130232724540714        8.2549547705910192E-002  0.39981031381477472       0.10000565713758924       0.34633781123391139       0.39981031381477361       0.15384621781373034     

  0.78539818525314331       0.37187498807907104       0.15458301801192198       0.40034783731742041       0.34561448578690823        9.9454658883742497E-002  0.40034783731742207        8.1605215971237696E-002  0.17243246092443046       0.34561448578690640       0.34561448578690640       0.17243246092443426        8.1605215971236073E-002  0.40034783731742335        9.9454658883745786E-002  0.34561448578690823       0.40034783731742252       0.15458301801192079     

  0.78539818525314331       0.38749998807907104       0.15535333297316981       0.40090514695814472       0.34485889634413547        9.8882623724550367E-002  0.40090514695814555        8.0624998821157590E-002  0.17361095787656650       0.34485889634413641       0.34485889634413236       0.17361095787656478        8.0624998821155508E-002  0.40090514695814738        9.8882623724550228E-002  0.34485889634413547       0.40090514695814483       0.15535333297317075     

  0.78539818525314331       0.40312498807907104       0.15615739661278913       0.40148182101106689       0.34407090986121341        9.8289872514933069E-002  0.40148182101106633        7.9609515079648960E-002  0.17483775404807328       0.34407090986121119       0.34407090986120986       0.17483775404807250        7.9609515079649085E-002  0.40148182101106689        9.8289872514932056E-002  0.34407090986121197       0.40148182101106833       0.15615739661278924     

  0.78539818525314331       0.41874998807907104       0.15699545147763480       0.40207741890650267       0.34325039201861118        9.7676737597251831E-002  0.40207741890650001        7.8559415627120335E-002  0.17611277344776527       0.34325039201861274       0.34325039201860963       0.17611277344777035        7.8559415627120335E-002  0.40207741890649679        9.7676737597252386E-002  0.34325039201861196       0.40207741890649845       0.15699545147763516     

  0.78539818525314331       0.43437498807907104       0.15786774861400379       0.40269148108549596       0.34239720771028048        9.7043562590212629E-002  0.40269148108550062        7.7475384113718057E-002  0.17743592709050166       0.34239720771028009       0.34239720771027815       0.17743592709050382        7.7475384113716947E-002  0.40269148108549963        9.7043562590211588E-002  0.34239720771027882       0.40269148108549879       0.15786774861400751     

  0.78539818525314331       0.44999998807907104       0.15877454742808550       0.40332352885549827       0.34151122154750690        9.6390702168908146E-002  0.40332352885549899        7.6358137684095120E-002  0.17880711191289975       0.34151122154751173       0.34151122154750679       0.17880711191289894        7.6358137684095218E-002  0.40332352885549899        9.6390702168908396E-002  0.34151122154751146       0.40332352885549616       0.15877454742808386     

  0.78539818525314331       0.46562498807907104       0.15971611553867210       0.40397306424778390       0.34059229837753541        9.5718521836013801E-002  0.40397306424777812        7.5208427711669953E-002  0.18022620966302130       0.34059229837753074       0.34059229837753036       0.18022620966301567        7.5208427711670078E-002  0.40397306424777418        9.5718521836015799E-002  0.34059229837752658       0.40397306424778406       0.15971611553867271     

  0.78539818525314331       0.48124998807907104       0.16069272862198433       0.40463956987760286       0.33964030381632004        9.5027397684096959E-002  0.40463956987760497        7.4027040540271330E-002  0.18169308576580986       0.33964030381631355       0.33964030381631771       0.18169308576580623        7.4027040540272954E-002  0.40463956987760102        9.5027397684094905E-002  0.33964030381631705       0.40463956987760230       0.16069272862198603     

  0.78539818525314331       0.49687498807907104       0.16170467024823645       0.40532250880778897       0.33865510479492261        9.4317716149048353E-002  0.40532250880778559        7.2814798231091590E-002  0.18320758816619856       0.33865510479492561       0.33865510479491978       0.18320758816620050        7.2814798231089675E-002  0.40532250880778914        9.4317716149050643E-002  0.33865510479492433       0.40532250880778575       0.16170467024823865     

  0.78539818525314331       0.51249998807907104       0.16275223170981948       0.40602132441666511       0.33763657011882647        9.3589873754690467E-002  0.40602132441666411        7.1572559312700554E-002  0.18476954615181138       0.33763657011882686       0.33763657011882353       0.18476954615181385        7.1572559312699222E-002  0.40602132441666594        9.3589873754690869E-002  0.33763657011882314       0.40602132441666511       0.16275223170981895     

  0.78539818525314331       0.52812498807907104       0.16383571184073750       0.40673544027122310       0.33658457103956213        9.2844276848477750E-002  0.40673544027122410        7.0301219531853060E-002  0.18637876915735901       0.33658457103955891       0.33658457103956213       0.18637876915735718        7.0301219531853740E-002  0.40673544027122721        9.2844276848476529E-002  0.33658457103956524       0.40673544027122155       0.16383571184073636     

  0.78539818525314331       0.54374998807907104       0.16495541682714690       0.40746426000635894       0.33549898183804766        9.2081341328449556E-002  0.40746426000635921        6.9001712602721949E-002  0.18803504555286760       0.33549898183804572       0.33549898183804611       0.18803504555286393        6.9001712602725390E-002  0.40746426000636093        9.2081341328447211E-002  0.33549898183804844       0.40746426000636643       0.16495541682714357     

  0.78539818525314331       0.55937498807907104       0.16611166000864463       0.40820716721117911       0.33437968041879673        9.1301492361378342E-002  0.40820716721117956        6.7675010952131576E-002  0.18973814141788983       0.33437968041879956       0.33437968041879518       0.18973814141789200        6.7675010952129466E-002  0.40820716721118039        9.1301492361380757E-002  0.33437968041879723       0.40820716721117911       0.16611166000863950     

  0.78539818525314331       0.57499998807907104       0.16730476167014391       0.40896352532326641       0.33322654891434311        9.0505164092239632E-002  0.40896352532327040        6.6322126458246131E-002  0.19148779930413340       0.33322654891434439       0.33322654891434622       0.19148779930413107        6.6322126458249503E-002  0.40896352532327068        9.0505164092237994E-002  0.33322654891434916       0.40896352532326913       0.16730476167014194     

  0.78539818525314331       0.59062498807907104       0.16853504882399900       0.40973267753193465       0.33203947429910841        8.9692799344955929E-002  0.40973267753193265        6.4944111180235922E-002  0.19328373698871851       0.33203947429910957       0.33203947429911879       0.19328373698871792        6.4944111180238531E-002  0.40973267753193193        8.9692799344956192E-002  0.33203947429911390       0.40973267753193493       0.16853504882399772     

  0.78539818525314331       0.60624998807907104       0.16980285498217920       0.41051394669132535       0.33081834901181723        8.8864849314684441E-002  0.41051394669132552        6.3542058076161409E-002  0.19512564622069611       0.33081834901181389       0.33081834901181445       0.19512564622069675        6.3542058076162436E-002  0.41051394669132696        8.8864849314683914E-002  0.33081834901181456       0.41051394669132296       0.16980285498217518     

  0.78539818525314331       0.62187498807907104       0.17110851991819431       0.41130663524454419       0.32956307158574355        8.8021773251524882E-002  0.41130663524454719        6.2117101706452217E-002  0.19701319146326537       0.32956307158573850       0.32956307158573439       0.19701319146326640        6.2117101706454347E-002  0.41130663524454747        8.8021773251521912E-002  0.32956307158574116       0.41130663524454519       0.17110851991819628     

  0.78539818525314331       0.63749998807907104       0.17245238941860586       0.41211002515965656       0.32827354728583125        8.7164038135910560E-002  0.41211002515965617        6.0670418920177840E-002  0.19894600863433659       0.32827354728583280       0.32827354728583358       0.19894600863434242        6.0670418920177445E-002  0.41211002515964962        8.7164038135912530E-002  0.32827354728583269       0.41211002515964817       0.17245238941860483     

  0.78539818525314331       0.65312498807907104       0.17383481502372811       0.41292337787865963       0.32694968875183805        8.6292118345773661E-002  0.41292337787866562        5.9203229521297314E-002  0.20092370384820335       0.32694968875184044       0.32694968875183689       0.20092370384820782        5.9203229521294934E-002  0.41292337787865990        8.6292118345769844E-002  0.32694968875183933       0.41292337787866401       0.17383481502372936     

  0.78539818525314331       0.66874998807907104       0.17525615375745576       0.41374593428055856       0.32559141664645513        8.5406495315520775E-002  0.41374593428055939        5.7716796911977036E-002  0.20294585216100217       0.32559141664645275       0.32559141664645513       0.20294585216100380        5.7716796911978667E-002  0.41374593428056422        8.5406495315520442E-002  0.32559141664645563       0.41374593428056156       0.17525615375745629     

  0.78539818525314331       0.68437498807907104       0.17671676784582080       0.41457691465940860       0.32419866030760941        8.4507657187164437E-002  0.41457691465940488        5.6212428710084965E-002  0.20501199632289765       0.32419866030760613       0.32419866030760724       0.20501199632289796        5.6212428710081697E-002  0.41457691465940705        8.4507657187163979E-002  0.32419866030761052       0.41457691465940905       0.17671676784581392     

  0.78539818525314331       0.69999998807907104       0.17821702442414239       0.41541551871852150       0.32277135840376198        8.3596098453578058E-002  0.41541551871851146        5.4691477337808311E-002  0.20712164553991255       0.32277135840375848       0.32277135840376742       0.20712164553990911        5.4691477337805570E-002  0.41541551871851834        8.3596098453576934E-002  0.32277135840376353       0.41541551871851518       0.17821702442414314     

  0.78539818525314331       0.71562498807907104       0.17975729523254855       0.41626092558190536       0.32130945959133261        8.2672319594212285E-002  0.41626092558190675        5.3155340578442942E-002  0.20927427424832115       0.32130945959133372       0.32130945959132706       0.20927427424832243        5.3155340578441380E-002  0.41626092558191236        8.2672319594214783E-002  0.32130945959133073       0.41626092558190791       0.17975729523254680     

  0.78539818525314331       0.73124998807907104       0.18133795629954308       0.41711229382401666       0.31981292317302640        8.1736826703414006E-002  0.41711229382401954        5.1605462098213914E-002  0.21146932090474468       0.31981292317302262       0.31981292317302451       0.21146932090474760        5.1605462098210646E-002  0.41711229382402037        8.1736826703414672E-002  0.31981292317302140       0.41711229382401954       0.18133795629954053     

  0.78539818525314331       0.74687498807907104       0.18295938761357569       0.41796876151874940       0.31828171975611230        8.0790131111559527E-002  0.41796876151875328        5.0043331930052455E-002  0.21370618679508210       0.31828171975611191       0.31828171975611030       0.21370618679507675        5.0043331930049270E-002  0.41796876151875600        8.0790131111558069E-002  0.31828171975611080       0.41796876151875489       0.18295938761357664     

  0.78539818525314331       0.76249998807907104       0.18462197278227732       0.41882944630899760       0.31671583190944469        7.9832748999285330E-002  0.41882944630899327        4.8470486916200088E-002  0.21598423486535764       0.31671583190944241       0.31671583190943831       0.21598423486536161        4.8470486916201684E-002  0.41882944630899704        7.9832748999285982E-002  0.31671583190944064       0.41882944630899760       0.18462197278227441     

  0.78539818525314331       0.77812498807907104       0.18632609867924246       0.41969344549764281       0.31511525481804858        7.8865201005069552E-002  0.41969344549763332        4.6888511106447789E-002  0.21830278857786475       0.31511525481805081       0.31511525481805680       0.21830278857785670        4.6888511106446769E-002  0.41969344549763909        7.8865201005070759E-002  0.31511525481805092       0.41969344549764442       0.18632609867923650     

  0.78539818525314331       0.79374998807907104       0.18807215507818242       0.42055983616122733       0.31347999693422030        7.7888011826379763E-002  0.42055983616122444        4.5299036108835497E-002  0.22066113079572267       0.31347999693421430       0.31347999693421669       0.22066113079572253        4.5299036108837280E-002  0.42055983616122644        7.7888011826381415E-002  0.31347999693421941       0.42055983616121895       0.18807215507817596     

  0.78539818525314331       0.80937498807907104       0.18986053427424671       0.42142767528719410       0.31181008062375232        7.6901709814805611E-002  0.42142767528719827        4.3703741389661363E-002  0.22305850269939384       0.31181008062374621       0.31181008062375393       0.22305850269939165        4.3703741389662501E-002  0.42142767528719682        7.6901709814804819E-002  0.31181008062374710       0.42142767528719466       0.18986053427425523     

  0.78539818525314331       0.82499998807907104       0.19169163069247386       0.42229599993593797       0.31010554280622549        7.5906826565356952E-002  0.42229599993594419        4.2104354519512520E-002  0.22549410273831652       0.31010554280622199       0.31010554280622127       0.22549410273831316        4.2104354519514171E-002  0.42229599993595140        7.5906826565354843E-002  0.31010554280622177       0.42229599993594619       0.19169163069247733     

  0.78539818525314331       0.84062498807907104       0.19356584048301570       0.42316382742860914       0.30836643558799637        7.4903896500376391E-002  0.42316382742860131        4.0502651362200007E-002  0.22796708562120013       0.30836643558799515       0.30836643558799592       0.22796708562118970        4.0502651362200388E-002  0.42316382742861619        7.4903896500374059E-002  0.30836643558799715       0.42316382742860753       0.19356584048301970     

  0.78539818525314331       0.85624998807907104       0.19548356110334453       0.42403015556164586       0.30659282688665124        7.3893456448354156E-002  0.42403015556164109        3.8900456203356713E-002  0.23047656134834471       0.30659282688666056       0.30659282688665490       0.23047656134834374        3.8900456203352404E-002  0.42403015556165408        7.3893456448355238E-002  0.30659282688665429       0.42403015556164397       0.19548356110334503     

  0.78539818525314331       0.87187498807907104       0.19744519088703663       0.42489396284928505       0.30478480104564210        7.2876045218038504E-002  0.42489396284929110        3.7299641815508058E-002  0.23302159428956892       0.30478480104564076       0.30478480104563938       0.23302159428956706        3.7299641815508176E-002  0.42489396284928072        7.2876045218039490E-002  0.30478480104563954       0.42489396284928271       0.19744519088703325     

  0.78539818525314331       0.88749998807907104       0.19945112859925324       0.42575420879476888       0.30294245943772918        7.1852203168250958E-002  0.42575420879477777        3.5702129456523291E-002  0.23560120231097570       0.30294245943772796       0.30294245943772957       0.23560120231097156        3.5702129456527162E-002  0.42575420879477499        7.1852203168249265E-002  0.30294245943773435       0.42575420879477355       0.19945112859924907     

  0.78539818525314331       0.90312498807907104       0.20150177297880240       0.42660983419143506       0.30106592105600055        7.0822471773763260E-002  0.42660983419142795        3.4109888798231243E-002  0.23821435595432891       0.30106592105600849       0.30106592105600044       0.23821435595432949        3.4109888798231069E-002  0.42660983419143678        7.0822471773767798E-002  0.30106592105600777       0.42660983419142912       0.20150177297879540     

  0.78539818525314331       0.91874998807907104       0.20359752226669850       0.42745976145446440       0.29915532309105786        6.9787393187768346E-002  0.42745976145445957        3.2524937782165884E-002  0.24085997767230785       0.29915532309106185       0.29915532309105930       0.24085997767230780        3.2524937782165281E-002  0.42745976145446540        6.9787393187767999E-002  0.29915532309106430       0.42745976145446496       0.20359752226670472     

  0.78539818525314331       0.93437498807907104       0.20573877372134428       0.42830289498442470       0.29721082149298050        6.8747509801247858E-002  0.42830289498443053        3.0949342399419957E-002  0.24353694112317145       0.29721082149298023       0.29721082149298800       0.24353694112316737        3.0949342399420276E-002  0.42830289498443025        6.8747509801246193E-002  0.29721082149298278       0.42830289498442137       0.20573877372134916     

  0.78539818525314331       0.94999998807907104       0.20792592312009450       0.42913812156323278       0.29523259151682524        6.7703363799853311E-002  0.42913812156323017        2.9385216391551151E-002  0.24624407052838865       0.29523259151683034       0.29523259151682513       0.24624407052839678        2.9385216391551849E-002  0.42913812156322056        6.7703363799848634E-002  0.29523259151682502       0.42913812156323106       0.20792592312008953     

  0.78539818525314331       0.96562498807907104       0.21015936424754045       0.42996431078358988       0.29322082825020795        6.6655496718664095E-002  0.42996431078358666        2.7834720869701485E-002  0.24898014009650760       0.29322082825020795       0.29322082825019602       0.24898014009649988        2.7834720869701797E-002  0.42996431078359626        6.6655496718666649E-002  0.29322082825020623       0.42996431078358449       0.21015936424754400     

  0.78539818525314331       0.98124998807907104       0.21243948837042451       0.43078031551260587       0.29117574712157190        6.5604448995398634E-002  0.43078031551261037        2.6300063849036392E-002  0.25174387351678224       0.29117574712157562       0.29117574712157263       0.25174387351678201        2.6300063849039022E-002  0.43078031551260104        6.5604448995399828E-002  0.29117574712157429       0.43078031551260909       0.21243948837041068     

  0.78539818525314331       0.99687498807907104       0.21476668369912918       0.43158497239044674       0.28909758438790500        6.4550759522514281E-002  0.43158497239044852        2.4783499695747370E-002  0.25453394352590419       0.28909758438790645       0.28909758438790345       0.25453394352589748        2.4783499695747647E-002  0.43158497239045257        6.4550759522517834E-002  0.28909758438790573       0.43158497239044735       0.21476668369913141     

  0.78539818525314331        1.0125000476837158       0.21714134398581364       0.43237710536089163       0.28698658948532774        6.3494961167965394E-002  0.43237710536089030        2.3287322818415848E-002  0.25734898233537268       0.28698658948532763       0.28698658948532974       0.25734898233537512        2.3287322818414360E-002  0.43237710536087776        6.3494961167964603E-002  0.28698658948532901       0.43237710536088025       0.21714134398582247     

  0.78539818525314331        1.0281250476837158       0.21956383154468720       0.43315551420207210       0.28484305780795771        6.2437596445282822E-002  0.43315551420207576        2.1813889685869923E-002  0.26018753830410107       0.28484305780795716       0.28484305780796249       0.26018753830410257        2.1813889685872619E-002  0.43315551420206261        6.2437596445280019E-002  0.28484305780795416       0.43315551420207193       0.21956383154469464     

  0.78539818525314331        1.0437500476837158       0.22203453102384429       0.43391899327142169       0.28266728280726550        6.1379192897464963E-002  0.43391899327142591        2.0365583738299661E-002  0.26304814018300404       0.28266728280726477       0.28266728280726855       0.26304814018300943        2.0365583738302030E-002  0.43391899327141875        6.1379192897466385E-002  0.28266728280726466       0.43391899327142563       0.22203453102383572     

  0.78539818525314331        1.0593750476837158       0.22455381276371958       0.43466632001077121       0.28045958847068464        6.0320278754819670E-002  0.43466632001077543        1.8944837376935308E-002  0.26592925414160667       0.28045958847068275       0.28045958847067876       0.26592925414160851        1.8944837376932307E-002  0.43466632001077837        6.0320278754822244E-002  0.28045958847068486       0.43466632001077721       0.22455381276372410     

  0.78539818525314331        1.0750000476837158       0.22712204116250670       0.43539625867601267       0.27822032169542987        5.9261378466054379E-002  0.43539625867600956        1.7554125188404185E-002  0.26882929444015990       0.27822032169543176       0.27822032169543115       0.26882929444015169        1.7554125188403252E-002  0.43539625867600679        5.9261378466057078E-002  0.27822032169543714       0.43539625867600695       0.22712204116250570     

  0.78539818525314331        1.0906250476837158       0.22973957406155460       0.43610756105874898       0.27594985262405214        5.8203012255639883E-002  0.43610756105874487        1.6195962815312468E-002  0.27174662350189627       0.27594985262405086       0.27594985262405658       0.27174662350188944        1.6195962815308104E-002  0.43610756105873844        5.8203012255638342E-002  0.27594985262404831       0.43610756105874915       0.22973957406157264     

  0.78539818525314331        1.1062500476837158       0.23240676211915406       0.43679896724686612       0.27364857494996381        5.7145695684016382E-002  0.43679896724686201        1.4872905723286856E-002  0.27467955207989231       0.27364857494996209       0.27364857494996125       0.27467955207988193        1.4872905723289169E-002  0.43679896724686579        5.7145695684016944E-002  0.27364857494995987       0.43679896724686051       0.23240676211916150     

  0.78539818525314331        1.1218750476837158       0.23512394817262863       0.43746920642418757       0.27131690619182997        5.6089939211347632E-002  0.43746920642420223        1.3587547862806283E-002  0.27762633952117410       0.27131690619182580       0.27131690619183091       0.27762633952116544        1.3587547862805829E-002  0.43746920642419651        5.6089939211345093E-002  0.27131690619182663       0.43746920642419856       0.23512394817263438     

  0.78539818525314331        1.1375000476837158       0.23789146658953275       0.43811699770952561       0.26895528793556089        5.5036247765377910E-002  0.43811699770951840        1.2342520224254963E-002  0.28058519413066113       0.26895528793555973       0.26895528793556506       0.28058519413065680        1.2342520224254855E-002  0.43811699770952034        5.5036247765381366E-002  0.26895528793556733       0.43811699770951712       0.23789146658952728     

  0.78539818525314331        1.1531250476837158       0.24070964260809133       0.43874105103509736       0.26656418604270088        5.3985120314108855E-002  0.43874105103508088        1.1140489284919116E-002  0.28355427363730090       0.26656418604268967       0.26656418604270044       0.28355427363729546        1.1140489284917610E-002  0.43874105103509220        5.3985120314111304E-002  0.26656418604269494       0.43874105103508498       0.24070964260810326     

  0.78539818525314331        1.1687500476837158       0.24357879166749974       0.43934006806471554       0.26414409082404872        5.2937049443735326E-002  0.43934006806470727        9.9841553466329374E-003  0.28653168576460414       0.26414409082405649       0.26414409082405499       0.28653168576459737        9.9841553466309962E-003  0.43934006806470638        5.2937049443737873E-002  0.26414409082405843       0.43934006806470521       0.24357879166750351     

  0.78539818525314331        1.1843750476837158       0.24649921872832919       0.43991274315136070       0.26169551717760164        5.1892520942721634E-002  0.43991274315135465        8.8762507633166430E-003  0.28951548890773349       0.26169551717760164       0.26169551717760314       0.28951548890772988        8.8762507633168928E-003  0.43991274315135276        5.1892520942716867E-002  0.26169551717760109       0.43991274315135098       0.24649921872832981     

  0.78539818525314331        1.2000000476837158       0.24947121758398799       0.44045776433421335       0.25921900468937126        5.0852013392414026E-002  0.44045776433422146        7.8195380575227288E-003  0.29250369291888201       0.25921900468938064       0.25921900468937864       0.29250369291887901        7.8195380575232371E-003  0.44045776433422573        5.0852013392414519E-002  0.25921900468937115       0.44045776433422662       0.24947121758398838     

  0.78539818525314331        1.2156250476837158       0.25249507016335793       0.44097381437499700       0.25671511769664096        4.9815997765017321E-002  0.44097381437498950        6.8168079255689793E-003  0.29549426000279777       0.25671511769664579       0.25671511769664546       0.29549426000279777        6.8168079255686445E-003  0.44097381437499245        4.9815997765017335E-002  0.25671511769665017       0.44097381437498873       0.25249507016335637     

  0.78539818525314331        1.2312500476837158       0.25557104582546347       0.44145957183300893       0.25418444531216122        4.8784937029364296E-002  0.44145957183301543        5.8708771310023791E-003  0.29848510572382803       0.25418444531215934       0.25418444531217038       0.29848510572381676        5.8708771310044166E-003  0.44145957183301482        4.8784937029361486E-002  0.25418444531216089       0.44145957183300361       0.25557104582546453     

  0.78539818525314331        1.2468750476837158       0.25869940064684294       0.44191371217911568       0.25162760140872242        4.7759285765305116E-002  0.44191371217912129        4.9845862863314126E-003  0.30147410012582621       0.25162760140872897       0.25162760140872431       0.30147410012582843        4.9845862863317925E-003  0.44191371217911585        4.7759285765306213E-002  0.25162760140872387       0.44191371217911124       0.25869940064685265     

  0.78539818525314331        1.2625000476837158       0.26188037670214454       0.44233490894739869       0.24904522456328407        4.6739489787172503E-002  0.44233490894740679        4.1607975233157327E-003  0.30445906896600761       0.24904522456327624       0.24904522456328179       0.30445906896600089        4.1607975233156685E-003  0.44233490894741373        4.6739489787174078E-002  0.24904522456327574       0.44233490894739674       0.26188037670214814     

  0.78539818525314331        1.2781250476837158       0.26511420133875596       0.44272183492452699       0.24643797795966943        4.5725985777058518E-002  0.44272183492452932        3.4023920522694082E-003  0.30743779506353186       0.24643797795967154       0.24643797795966851       0.30743779506353530        3.4023920522682910E-003  0.44272183492453493        4.5725985777052378E-002  0.24643797795967143       0.44272183492452949       0.26511420133875196     

  0.78539818525314331        1.2937500476837158       0.26840108644628846       0.44307316337582797       0.24380654924949841        4.4719200928391434E-002  0.44307316337581909        2.7122676111892377E-003  0.31040801976350235       0.24380654924949882       0.24380654924948852       0.31040801976348975        2.7122676111879817E-003  0.44307316337583197        4.4719200928393696E-002  0.24380654924949768       0.44307316337582398       0.26840108644629096     

  0.78539818525314331        1.3093750476837158       0.27174122772172637       0.44338756930734186       0.24115165037033584        4.3719552600588366E-002  0.44338756930733281        2.0933358057291509E-003  0.31336744451658771       0.24115165037034994       0.24115165037033889       0.31336744451658821        2.0933358057289115E-003  0.44338756930734302        4.3719552600592466E-002  0.24115165037035072       0.44338756930734302       0.27174122772172210     

  0.78539818525314331        1.3250000476837158       0.27513480393080841       0.44366373076307242       0.23847401732098611        4.2727447985131804E-002  0.44366373076307597        1.5485193413635639E-003  0.31631373257458056       0.23847401732098714       0.23847401732098419       0.31631373257459006        1.5485193413636840E-003  0.44366373076306342        4.2727447985131589E-002  0.23847401732097237       0.44366373076307242       0.27513480393081502     

  0.78539818525314331        1.3406250476837158       0.27858197616706210       0.44390033015618835       0.23577440989290593        4.1743283783839229E-002  0.44390033015618791        1.0807491493619627E-003  0.31924451080155114       0.23577440989290349       0.23577440989290338       0.31924451080153748        1.0807491493619698E-003  0.44390033015619307        4.1743283783839936E-002  0.23577440989290582       0.44390033015618718       0.27858197616706359     

  0.78539818525314331        1.3562500476837158       0.28208288710880408       0.44409605563330090       0.23305361135808547        4.0767445899805382E-002  0.44409605563330312        6.9296140850138460E-004  0.32215737160010116       0.23305361135808644       0.23305361135807656       0.32215737160010938        6.9296140850179865E-004  0.44409605563332205        4.0767445899804529E-002  0.23305361135808617       0.44409605563330801       0.28208288710880020     

  0.78539818525314331        1.3718750476837158       0.28563766027552101       0.44424960247050610       0.23031242811240285        3.9800309141565016E-002  0.44424960247049561        3.8809446471724728E-004  0.32504987495236515       0.23031242811240962       0.23031242811240529       0.32504987495236642        3.8809446471764790E-004  0.44424960247050505        3.9800309141566480E-002  0.23031242811240732       0.44424960247051526       0.28563766027551735     

  0.78539818525314331        1.3875000476837158       0.28924639928443274       0.44435967449973041       0.22755168927483321        3.8842236940997900E-002  0.44435967449973335        1.6908565123550294E-004  0.32791955057420363       0.22755168927483369       0.22755168927483935       0.32791955057420147        1.6908565123593383E-004  0.44435967449973246        3.8842236940996894E-002  0.22755168927483072       0.44435967449972863       0.28924639928443946     

  0.78539818525314331        1.4031250476837158       0.29290918710835717       0.44442498556420923       0.22477224624195874        3.7893581085466650E-002  0.44442498556421767        3.8868012012145640E-005  0.33076390018182572       0.22477224624195230       0.22477224624195477       0.33076390018181601        3.8868012012264448E-005  0.44442498556421972        3.7893581085467164E-002  0.22477224624195824       0.44442498556421867       0.29290918710835934     

  0.78539818525314331        1.4187500476837158       0.29662608533572526       0.44444426100130535       0.22197497219823051        3.6954681464739000E-002  0.44444426100131390        3.6693161608071510E-007  0.33358039986884386       0.22197497219823056       0.22197497219821341       0.33358039986884630        3.6693161610834303E-007  0.44444426100131479        3.6954681464739514E-002  0.22197497219822240       0.44444426100130535       0.29662608533572904     

  0.78539818525314331        1.4343750476837158       0.30039713343423569       0.44441623915106526       0.21916076158165776        3.6025865833047239E-002  0.44441623915107070        5.6496675018025636E-005  0.33636650259225942       0.21916076158165257       0.21916076158166500       0.33636650259226475        5.6496675017885117E-005  0.44441623915105505        3.6025865833045248E-002  0.21916076158165912       0.44441623915106954       0.30039713343422497     

  0.78539818525314331        1.4500000476837158       0.30422234801886228       0.44433967288883652       0.21633052950547124        3.5107449586829362E-002  0.44433967288884019        2.1015684104739460E-004  0.33911964076464979       0.21633052950546436       0.21633052950547052       0.33911964076464496        2.1015684104756248E-004  0.44433967288883652        3.5107449586827370E-002  0.21633052950546089       0.44433967288883697       0.30422234801887038     

  0.78539818525314331        1.4656250476837158       0.30810172212581649       0.44421333117994632       0.21348521113578386        3.4199735558457921E-002  0.44421333117994044        4.6422873359899141E-004  0.34183722895067997       0.21348521113577804       0.21348521113578259       0.34183722895065882        4.6422873359903852E-004  0.44421333117995448        3.4199735558458642E-002  0.21348521113577817       0.44421333117994666       0.30810172212582082     

  0.78539818525314331        1.4812500476837158       0.31203522449318549       0.44403600065449633       0.21062576102586195        3.3303013826456840E-002  0.44403600065450582        8.2157165497734092E-004  0.34451666666465458       0.21062576102586267       0.21062576102586522       0.34451666666465353        8.2157165497726773E-004  0.44403600065451648        3.3303013826456680E-002  0.21062576102586669       0.44403600065450805       0.31203522449317694     

  0.78539818525314331        1.4968750476837158       0.31602279884983270       0.44380648720027122       0.20775315240745459        3.2417561542433859E-002  0.44380648720026278        1.2850191260849377E-003  0.34715534126618214       0.20775315240747072       0.20775315240746572       0.34715534126617420        1.2850191260832214E-003  0.44380648720027432        3.2417561542434310E-002  0.20775315240747477       0.44380648720027949       0.31602279884981233     

  0.78539818525314331        1.5125000476837158       0.32006436321381970       0.44352361757126946       0.20486837643973715        3.1543642775170404E-002  0.44352361757127018        1.8573750384497541E-003  0.34975063095054271       0.20486837643974154       0.20486837643973863       0.34975063095054348        1.8573750384512321E-003  0.44352361757127551        3.1543642775170196E-002  0.20486837643974298       0.44352361757127035       0.32006436321381376     

  0.78539818525314331        1.5281250476837158       0.32415980920128074       0.44318624101002557       0.20197244141663295        3.0681508372059432E-002  0.44318624101003018        2.5414097434250937E-003  0.35229990782993259       0.20197244141661846       0.20197244141662371       0.35229990782992365        2.5414097434255226E-003  0.44318624101001791        3.0681508372058002E-002  0.20197244141661816       0.44318624101002885       0.32415980920129733     

  0.78539818525314331        1.5437500476837158       0.32830900134748520       0.44279323088089267       0.19906637193337343        2.9831395838248346E-002  0.44279323088089861        3.3398560841297279E-003  0.35480054110161152       0.19906637193336205       0.19906637193337709       0.35480054110161141        3.3398560841278254E-003  0.44279323088089123        2.9831395838246427E-002  0.19906637193336932       0.44279323088088590       0.32830900134748914     

  0.78539818525314331        1.5593750476837158       0.33251177644100488       0.44234348631202774       0.19615120801332614        2.8993529233635133E-002  0.44234348631203041        4.2554053760691241E-003  0.35724990029856718       0.19615120801332731       0.19615120801333075       0.35724990029857673        4.2554053760674839E-003  0.44234348631202081        2.8993529233634640E-002  0.19615120801332619       0.44234348631203557       0.33251177644100804     

  0.78539818525314331        1.5750000476837158       0.33676794287269674       0.44183593384346775       0.19322800419586716        2.8168119087955076E-002  0.44183593384347497        5.2907033425782495E-003  0.35964535861807118       0.19322800419586750       0.19322800419587019       0.35964535861809033        5.2907033425808958E-003  0.44183593384346082        2.8168119087957695E-002  0.19322800419588029       0.44183593384346792       0.33676794287269790     

  0.78539818525314331        1.5906250476837158       0.34107728000060222       0.44126952907851891       0.19029782858677036        2.7355362334116246E-002  0.44126952907853145        6.4483460115884522E-003  0.36198429632312379       0.19029782858676303       0.19029782858676653       0.36198429632312273        6.4483460115865249E-003  0.44126952907852290        2.7355362334111823E-002  0.19029782858676417       0.44126952907852185       0.34107728000060478     

  0.78539818525314331        1.6062500476837158       0.34543953753223500       0.44064325833590762       0.18736176187201159        2.6555442259842372E-002  0.44064325833591039        7.7308755803836941E-003  0.36426410421168537       0.18736176187201339       0.18736176187201750       0.36426410421169392        7.7308755803844218E-003  0.44064325833590440        2.6555442259843846E-002  0.18736176187201239       0.44064325833590834       0.34543953753223761     

  0.78539818525314331        1.6218750476837158       0.34985443492558749       0.43995614029958691       0.18442089629694430        2.5768528477869090E-002  0.43995614029959812        9.1407762553874818E-003  0.36648218714805980       0.18442089629696251       0.18442089629694444       0.36648218714807435        9.1407762553859812E-003  0.43995614029959573        2.5768528477869687E-002  0.18442089629695549       0.43995614029959190       0.34985443492558854     

  0.78539818525314331        1.6375000476837158       0.35432166081028543       0.43920722766366471       0.18147633461156260        2.4994776914487718E-002  0.43920722766365955        1.0680470074157754E-002  0.36863596765060513       0.18147633461157262       0.18147633461157051       0.36863596765059448        1.0680470074156075E-002  0.43920722766367204        2.4994776914485550E-002  0.18147633461156029       0.43920722766367148       0.35432166081028688     

  0.78539818525314331        1.6531250476837158       0.35884087243030993       0.43839560876896694       0.17852918898403466        2.4234329816701601E-002  0.43839560876897310        1.2352312717051117E-002  0.37072288952993721       0.17852918898404468       0.17852918898403469       0.37072288952995491        1.2352312717050812E-002  0.43839560876895445        2.4234329816699735E-002  0.17852918898403269       0.43839560876897499       0.35884087243030022     

  0.78539818525314331        1.6687500476837158       0.36341169510948784       0.43752040922880386       0.17558057988390310        2.3487315777799719E-002  0.43752040922880842        1.4158589316278461E-002  0.37274042157101200       0.17558057988390044       0.17558057988390185       0.37274042157100779        1.4158589316279568E-002  0.43752040922880736        2.3487315777796450E-002  0.17558057988390302       0.43752040922881308       0.36341169510948690     

  0.78539818525314331        1.6843750476837158       0.36803372174156929       0.43658079354032425       0.17263163493674033        2.2753849781359112E-002  0.43658079354032514        1.6101510270125744E-002  0.37468606125281162       0.17263163493673495       0.17263163493673689       0.37468606125281173        1.6101510270126147E-002  0.43658079354031820        2.2753849781360920E-002  0.17263163493673594       0.43658079354032231       0.36803372174158155     

  0.78539818525314331        1.7000000476837158       0.37270651230569424       0.43557596667857568       0.16968348775221559        2.2034033263518750E-002  0.43557596667857879        1.8183207070537305E-002  0.37655733849867290       0.16968348775221467       0.16968348775220984       0.37655733849866635        1.8183207070540688E-002  0.43557596667858461        2.2034033263516856E-002  0.16968348775221259       0.43557596667857407       0.37270651230568974     

  0.78539818525314331        1.7156250476837158       0.37742959340910809       0.43450517567008723       0.16673727672739602        2.1327954193408175E-002  0.43450517567009017        2.0405728152190581E-002  0.37835181945031887       0.16673727672740354       0.16673727672739788       0.37835181945033158        2.0405728152189263E-002  0.43450517567008329        2.1327954193405808E-002  0.16673727672739991       0.43450517567008562       0.37742959340910265     

  0.78539818525314331        1.7312500476837158       0.38220245785829299       0.43336771114264239       0.16379414382751945        2.0635687171565338E-002  0.43336771114263156        2.2771034771451436E-002  0.38006711025839640       0.16379414382751495       0.16379414382751778       0.38006711025839257        2.2771034771450975E-002  0.43336771114263389        2.0635687171565241E-002  0.16379414382751972       0.43336771114264677       0.38220245785827817     

  0.78539818525314331        1.7468750476837158       0.38702456425989951       0.43216290884803787       0.16085523334599988        1.9957293546059546E-002  0.43216290884803571        2.5280996923870661E-002  0.38170086088208033       0.16085523334601623       0.16085523334601257       0.38170086088208571        2.5280996923871542E-002  0.43216290884803510        1.9957293546061582E-002  0.16085523334601004       0.43216290884802883       0.38702456425989884     

  0.78539818525314331        1.7625000476837158       0.39189533665287163       0.43089015115456897       0.15792169064641631        1.9292821546125605E-002  0.43089015115457568        2.7937389308666957E-002  0.38325076889031801       0.15792169064642636       0.15792169064642883       0.38325076889031634        2.7937389308661416E-002  0.43089015115458790        1.9292821546125688E-002  0.15792169064642461       0.43089015115457857       0.39189533665286763     

  0.78539818525314331        1.7781250476837158       0.39681416417279508       0.42954886850602969       0.15499466088821701        1.8642306432957112E-002  0.42954886850603519        3.0741887349048556E-002  0.38471458325670904       0.15499466088821293       0.15499466088821867       0.38471458325670688        3.0741887349045764E-002  0.42954886850603008        1.8642306432954010E-002  0.15499466088821251       0.42954886850602558       0.39681416417279886     

  0.78539818525314331        1.7937500476837158       0.40178040075034527       0.42813854084359909       0.15207528773873388        1.8005770667325241E-002  0.42813854084359870        3.3696063277200254E-002  0.38609010814045763       0.15207528773874110       0.15207528773872966       0.38609010814047362        3.3696063277198374E-002  0.42813854084358882        1.8005770667325859E-002  0.15207528773874018       0.42813854084359415       0.40178040075033894     

  0.78539818525314331        1.8093750476837158       0.40679336484434764       0.42665869898781833       0.14916471207409088        1.7383224093740157E-002  0.42665869898781933        3.6801382292722590E-002  0.38737520664536906       0.14916471207409643       0.14916471207408419       0.38737520664537500        3.6801382292727711E-002  0.42665869898781511        1.7383224093739148E-002  0.14916471207409407       0.42665869898781311       0.40679336484435064     

  0.78539818525314331        1.8250000476837158       0.41185233921139625       0.42510892597700722       0.14626407067102154        1.6774664140562286E-002  0.42510892597700084        4.0059198803414547E-002  0.38856780454854445       0.14626407067102898       0.14626407067101455       0.38856780454853557        4.0059198803416990E-002  0.42510892597702632        1.6774664140562345E-002  0.14626407067102248       0.42510892597701272       0.41185233921139969     

  0.78539818525314331        1.8406250476837158       0.41695657071263448       0.42348885835898203       0.14337449489256970        1.6180076035810505E-002  0.42348885835896932        4.3470752757426685E-002  0.38966589399101187       0.14337449489258092       0.14337449489256865       0.38966589399101315        4.3470752757426998E-002  0.42348885835898925        1.6180076035812240E-002  0.14337449489258042       0.42348885835898520       0.41695657071262288     

  0.78539818525314331        1.8562500476837158       0.42210527015923643       0.42179818743275355       0.14049710936993798        1.5599433038067887E-002  0.42179818743276853        4.7037166075468324E-002  0.39066753712183289       0.14049710936993265       0.14049710936992602       0.39066753712183966        4.7037166075471301E-002  0.42179818743277592        1.5599433038066679E-002  0.14049710936993143       0.42179818743276176       0.42210527015924926     

  0.78539818525314331        1.8718750476837158       0.42729761219755458       0.42003666043726412       0.13763303068317154        1.5032696682009870E-002  0.42003666043725779        5.0759439192100145E-002  0.39157086968747901       0.13763303068315758       0.13763303068316218       0.39157086968746208        5.0759439192104086E-002  0.42003666043725751        1.5032696682008448E-002  0.13763303068316390       0.42003666043725868       0.42729761219756096     

  0.78539818525314331        1.8875000476837158       0.43253273523492375       0.41820408168360490       0.13478336604343716        1.4479817038024317E-002  0.41820408168360751        5.4638447714722871E-002  0.39237410455823979       0.13478336604344207       0.13478336604343913       0.39237410455822963        5.4638447714727319E-002  0.41820408168359963        1.4479817038024438E-002  0.13478336604344299       0.41820408168359929       0.43253273523492963     

  0.78539818525314331        1.9031250476837158       0.43780974140729595       0.41630031362800873       0.13194921197938494        1.3940732985322434E-002  0.41630031362800057        5.8674939209128113E-002  0.39307553518347976       0.13194921197940013       0.13194921197939055       0.39307553518347904        5.8674939209122236E-002  0.41630031362800457        1.3940732985323249E-002  0.13194921197939105       0.41630031362800329       0.43780974140727819     

  0.78539818525314331        1.9187500476837158       0.44312769658938184       0.41432527788235873       0.12913165303030941        1.3415372497964704E-002  0.41432527788234158        6.2869530119974856E-002  0.39367353896736629       0.12913165303030524       0.12913165303030205       0.39367353896736113        6.2869530119979034E-002  0.41432527788235574        1.3415372497959177E-002  0.12913165303030175       0.41432527788234591       0.44312769658939560     

  0.78539818525314331        1.9343750476837158       0.44848563044872969       0.41227895615928634       0.12633176044884395        1.2903652943126103E-002  0.41227895615927751        6.7222702834821360E-002  0.39416658055706050       0.12633176044883110       0.12633176044883282       0.39416658055705200        6.7222702834822262E-002  0.41227895615929844        1.2903652943126153E-002  0.12633176044882671       0.41227895615928650       0.44848563044875672     

  0.78539818525314331        1.9500000476837158       0.45388253654391864       0.41016139114905276       0.12355059091598333        1.2405481391055568E-002  0.41016139114904793        7.1734802899826394E-002  0.39455321503516255       0.12355059091596987       0.12355059091598103       0.39455321503516982        7.1734802899817735E-002  0.41016139114904054        1.2405481391054031E-002  0.12355059091596640       0.41016139114904565       0.45388253654392430     

  0.78539818525314331        1.9656250476837158       0.45931737246795845       0.40797268732533082       0.12078918527084551        1.1920754935866779E-002  0.40797268732533859        7.6406036395302870E-002  0.39483209100851180       0.12078918527085539       0.12078918527085068       0.39483209100850497        7.6406036395304619E-002  0.40797268732532455        1.1920754935865606E-002  0.12078918527085095       0.40797268732533165       0.45931737246795212     

  0.78539818525314331        1.9812500476837158       0.46478906003772613       0.40571301167734691       0.11804856725826400        1.1449361026666707E-002  0.40571301167734708        8.1236467478939561E-002  0.39500195358544593       0.11804856725825912       0.11804856725826743       0.39500195358544704        8.1236467478951455E-002  0.40571301167733465        1.1449361026666230E-002  0.11804856725825733       0.40571301167734652       0.46478906003772025     

  0.78539818525314331        1.9968750476837158       0.47029648552995107       0.40338259436559448       0.11532974229632635        1.0991177808135195E-002  0.40338259436559759        8.6226016104254427E-002  0.39506164723382342       0.11532974229632843       0.11532974229633706       0.39506164723382636        8.6226016104256065E-002  0.40338259436557011        1.0991177808139524E-002  0.11532974229633669       0.40338259436559532       0.47029648552993264     

  0.78539818525314331        2.0125000476837158       0.47583849996402644       0.40098172929887876       0.11263369626716904        1.0546074469930770E-002  0.40098172929887343        9.1374455921738387E-002  0.39501011851221002       0.11263369626717765       0.11263369626716423       0.39501011851220930        9.1374455921741343E-002  0.40098172929889087        1.0546074469932056E-002  0.11263369626717035       0.40098172929887177       0.47583849996403044     

  0.78539818525314331        2.0281250476837158       0.48141391943272294       0.39851077463022438       0.10996139433297653        1.0113911604082225E-002  0.39851077463022311        9.6681412369741954E-002  0.39484641866706133       0.10996139433296714       0.10996139433297104       0.39484641866706677        9.6681412369743952E-002  0.39851077463021106        1.0113911604079920E-002  0.10996139433297793       0.39851077463021639       0.48141391943272482     

  0.78539818525314331        2.0437500476837158       0.48702152548060551       0.39597015316945555       0.10731377978028885        9.6945415696543715E-003  0.39597015316947792       0.10214636096166506       0.39456970608855763       0.10731377978029179       0.10731377978028731       0.39456970608854958       0.10214636096167048       0.39597015316947426        9.6945415696576206E-003  0.10731377978029269       0.39597015316946910       0.48702152548057687     

  0.78539818525314331        2.0593750476837158       0.49266006553064118       0.39336035271063174       0.10469177289480805        9.2878088639160566E-003  0.39336035271061587       0.10776862577623658       0.39417924861833797       0.10469177289479412       0.10469177289480995       0.39417924861833364       0.10776862577624505       0.39336035271060427        9.2878088639180047E-003  0.10469177289480205       0.39336035271062769       0.49266006553064928     

  0.78539818525314331        2.0750000476837158       0.49832825335994696       0.39068192627174186       0.10209626986916862        8.8935504991393653E-003  0.39068192627175269       0.11354737815650455       0.39367442570258115       0.10209626986916730       0.10209626986915843       0.39367442570257166       0.11354737815650563       0.39068192627176962        8.8935504991411764E-003  0.10209626986916814       0.39068192627174353       0.49832825335994557     

  0.78539818525314331        2.0906250476837158       0.50402476962318854       0.38793549224608359        9.9528141746367774E-002   8.5115963843478467E-003  0.38793549224608731       0.11948163562357177       0.39305473038398370        9.9528141746362625E-002   9.9528141746373103E-002  0.39305473038397826       0.11948163562358757       0.38793549224606655        8.5115963843483133E-003   9.9528141746365775E-002  0.38793549224609203       0.50402476962319787     

  0.78539818525314331        2.1062500476837158       0.50974826242563731       0.38512173446246645        9.6988233400795903E-002   8.1417697111069477E-003  0.38512173446245923       0.12557026101009405       0.39231977112664340        9.6988233400806451E-002   9.6988233400795099E-002  0.39231977112664035       0.12557026101010202       0.38512173446248293        8.1417697111090190E-003   9.6988233400803120E-002  0.38512173446245901       0.50974826242562754     

  0.78539818525314331        2.1218750476837158       0.51549734794423319       0.38224140215370261        9.4477362559421713E-002   7.7838873426490816E-003  0.38224140215370495       0.13181196181852334       0.39146927346836347        9.4477362559409264E-002   9.4477362559419950E-002  0.39146927346835958       0.13181196181851534       0.38224140215370506        7.7838873426503211E-003   9.4477362559415232E-002  0.38224140215369945       0.51549734794423596     

  0.78539818525314331        2.1375000476837158       0.52127061109767125       0.37929530983190635        9.1996318864984633E-002   7.4377602054191121E-003  0.37929530983189869       0.13820528980847388       0.39050308149463653        9.1996318864993362E-002   9.1996318864992779E-002  0.39050308149462920       0.13820528980847943       0.37929530983190801        7.4377602054200003E-003   9.1996318864989657E-002  0.37929530983190307       0.52127061109769235     

  0.78539818525314331        2.1531250476837158       0.52706660626457025       0.37628433706930298        8.9545862983790595E-002   7.1031936823465897E-003  0.37628433706931358       0.14474864081719879       0.38942115912970299        8.9545862983783642E-002   8.9545862983783850E-002  0.38942115912969000       0.14474864081722080       0.37628433706929809        7.1031936823466061E-003   8.9545862983779229E-002  0.37628433706930270       0.52706660626457802     

  0.78539818525314331        2.1687500476837158       0.53288385804957838       0.37320942818414499        8.7126725759297891E-002   6.7799880069760766E-003  0.37320942818415520       0.15144025481644638       0.38822359124010197        8.7126725759305038E-002   8.7126725759291437E-002  0.38822359124009892       0.15144025481646692       0.37320942818414909        6.7799880069756967E-003   8.7126725759308382E-002  0.37320942818414637       0.53288385804956451     

  0.78539818525314331        2.1843750476837158       0.53872086209738090       0.37007159183065130        8.4739607414295426E-002   6.4679386576772559E-003  0.37007159183065375       0.15827821620891061       0.38691058454614768        8.4739607414293483E-002   8.4739607414295162E-002  0.38691058454614841       0.15827821620892532       0.37007159183063076        6.4679386576764432E-003   8.4739607414295134E-002  0.37007159183063754       0.53872086209738335     

