0.200000 0.785398 0.529286 
0.200000 1.570796 0.225323 
0.200000 2.356194 0.757432 
0.200000 3.141593 0.973017 
0.200000 3.926991 0.548560 
0.200000 4.712389 0.291372 
0.200000 5.497787 0.478973 
0.200000 6.283185 0.756747 
0.200000 7.068583 0.877501 
0.200000 7.853982 0.885638 
0.200000 8.639380 0.916177 
0.200000 9.424778 1.006220 
0.200000 10.210176 0.998471 
0.200000 10.995574 0.694031 
0.200000 11.780972 0.313165 
0.200000 12.566371 0.451302 
0.200000 13.351769 0.929611 
0.200000 14.137167 0.736772 
0.200000 14.922565 0.194234 
0.200000 15.707963 0.501660 
0.200000 16.493361 0.890318 
0.200000 17.278760 0.420215 
0.200000 18.064158 0.171473 
0.200000 18.849556 0.623558 
0.200000 19.634954 0.830684 
0.200000 20.420352 0.521371 
0.200000 21.205750 0.253434 
0.200000 21.991149 0.279207 
0.200000 22.776547 0.408358 
0.200000 23.561945 0.457471 
0.200000 24.347343 0.445996 
0.200000 25.132741 0.518679 
0.200000 25.918139 0.743745 
0.200000 26.703538 0.900339 
0.200000 27.488936 0.648271 
0.200000 28.274334 0.243240 
0.200000 29.059732 0.465801 
0.200000 29.845130 1.009679 
0.200000 30.630528 0.715788 
0.200000 31.415927 0.229971 
0.200000 32.201325 0.726604 
0.200000 32.986723 1.094159 
0.200000 33.772121 0.549045 
0.200000 34.557519 0.288865 
0.200000 35.342917 0.756044 
0.200000 36.128316 1.098196 
0.200000 36.913714 0.952016 
0.200000 37.699112 0.692864 
0.200000 38.484510 0.607930 
0.200000 39.269908 0.624322 
0.200000 40.055306 0.560464 
0.200000 40.840704 0.389344 
0.200000 41.626103 0.324006 
0.200000 42.411501 0.597141 
0.200000 43.196899 0.966107 
0.200000 43.982297 0.787846 
0.200000 44.767695 0.236999 
0.200000 45.553093 0.396297 
0.200000 46.338492 0.967808 
0.200000 47.123890 0.637096 
0.200000 47.909288 0.164570 
0.200000 48.694686 0.649430 
0.200000 49.480084 0.977931 
0.200000 50.265482 0.503269 
0.200000 51.050881 0.215585 
0.200000 51.836279 0.525718 
0.200000 52.621677 0.872694 
0.200000 53.407075 0.921592 
0.200000 54.192473 0.826595 
0.200000 54.977871 0.783822 
0.200000 55.763270 0.793927 
0.200000 56.548668 0.714157 
0.200000 57.334066 0.449393 
0.200000 58.119464 0.201066 
0.200000 58.904862 0.376842 
0.200000 59.690260 0.836373 
0.200000 60.475659 0.741608 
0.200000 61.261057 0.186921 
0.200000 62.046455 0.382904 
0.200000 62.831853 0.933284 
0.200000 63.617251 0.558466 
0.200000 64.402649 0.160065 
0.200000 65.188048 0.672627 
0.200000 65.973446 1.022510 
0.200000 66.758844 0.631951 
0.200000 67.544242 0.286661 
0.200000 68.329640 0.437951 
0.200000 69.115038 0.763361 
0.200000 69.900437 0.930920 
0.200000 70.685835 0.948730 
0.200000 71.471233 0.985835 
0.200000 72.256631 1.111043 
0.200000 73.042029 1.144497 
0.200000 73.827427 0.824774 
0.200000 74.612826 0.355765 
0.200000 75.398224 0.449014 
0.200000 76.183622 1.043077 
0.200000 76.969020 0.954016 
0.200000 77.754418 0.276758 
0.200000 78.539816 0.478989 
0.200000 79.325215 1.039773 
0.200000 80.110613 0.635274 
0.200000 80.896011 0.174058 
0.200000 81.681409 0.544535 
0.200000 82.466807 0.917495 
0.200000 83.252205 0.712568 
0.200000 84.037603 0.360066 
0.200000 84.823002 0.260394 
0.200000 85.608400 0.341921 
0.200000 86.393798 0.393665 
0.200000 87.179196 0.360756 
0.200000 87.964594 0.382260 
0.200000 88.749992 0.611660 
0.200000 89.535391 0.891372 
0.200000 90.320789 0.760662 
0.200000 91.106187 0.266612 
0.200000 91.891585 0.292904 
0.200000 92.676983 0.888109 
0.200000 93.462381 0.780907 
0.200000 94.247780 0.194747 
0.200000 95.033178 0.516086 
0.200000 95.818576 1.006279 
0.200000 96.603974 0.594942 
0.200000 97.389372 0.226292 
0.200000 98.174770 0.584282 
0.200000 98.960169 0.985948 
0.200000 99.745567 0.944602 
0.200000 100.530965 0.714988 

0.215625 0.785398 0.529777 
0.215625 1.570796 0.225114 
0.215625 2.356194 0.748489 
0.215625 3.141593 0.980140 
0.215625 3.926991 0.595039 
0.215625 4.712389 0.321655 
0.215625 5.497787 0.432733 
0.215625 6.283185 0.645609 
0.215625 7.068583 0.737100 
0.215625 7.853982 0.734759 
0.215625 8.639380 0.793298 
0.215625 9.424778 0.973263 
0.215625 10.210176 1.033120 
0.215625 10.995574 0.681800 
0.215625 11.780972 0.312665 
0.215625 12.566371 0.623518 
0.215625 13.351769 1.007073 
0.215625 14.137167 0.548134 
0.215625 14.922565 0.258391 
0.215625 15.707963 0.771241 
0.215625 16.493361 0.841489 
0.215625 17.278760 0.338727 
0.215625 18.064158 0.282983 
0.215625 18.849556 0.634987 
0.215625 19.634954 0.792296 
0.215625 20.420352 0.698879 
0.215625 21.205750 0.600198 
0.215625 21.991149 0.582975 
0.215625 22.776547 0.559695 
0.215625 23.561945 0.424551 
0.215625 24.347343 0.220384 
0.215625 25.132741 0.218103 
0.215625 25.918139 0.547857 
0.215625 26.703538 0.686900 
0.215625 27.488936 0.273511 
0.215625 28.274334 0.178238 
0.215625 29.059732 0.702682 
0.215625 29.845130 0.639881 
0.215625 30.630528 0.161331 
0.215625 31.415927 0.451503 
0.215625 32.201325 0.960079 
0.215625 32.986723 0.798493 
0.215625 33.772121 0.405257 
0.215625 34.557519 0.374858 
0.215625 35.342917 0.592202 
0.215625 36.128316 0.729968 
0.215625 36.913714 0.726930 
0.215625 37.699112 0.752798 
0.215625 38.484510 0.945389 
0.215625 39.269908 1.143789 
0.215625 40.055306 0.957616 
0.215625 40.840704 0.476380 
0.215625 41.626103 0.529314 
0.215625 42.411501 1.137399 
0.215625 43.196899 1.042031 
0.215625 43.982297 0.426579 
0.215625 44.767695 0.692631 
0.215625 45.553093 1.230657 
0.215625 46.338492 0.914356 
0.215625 47.123890 0.446356 
0.215625 47.909288 0.593511 
0.215625 48.694686 0.989869 
0.215625 49.480084 1.168169 
0.215625 50.265482 1.154012 
0.215625 51.050881 1.133058 
0.215625 51.836279 1.135397 
0.215625 52.621677 1.027410 
0.215625 53.407075 0.704019 
0.215625 54.192473 0.369156 
0.215625 54.977871 0.448193 
0.215625 55.763270 0.801376 
0.215625 56.548668 0.648425 
0.215625 57.334066 0.159314 
0.215625 58.119464 0.314232 
0.215625 58.904862 0.626034 
0.215625 59.690260 0.284608 
0.215625 60.475659 0.077196 
0.215625 61.261057 0.420553 
0.215625 62.046455 0.577337 
0.215625 62.831853 0.334028 
0.215625 63.617251 0.136283 
0.215625 64.402649 0.157703 
0.215625 65.188048 0.228016 
0.215625 65.973446 0.229902 
0.215625 66.758844 0.228551 
0.215625 67.544242 0.356078 
0.215625 68.329640 0.604625 
0.215625 69.115038 0.684452 
0.215625 69.900437 0.388908 
0.215625 70.685835 0.229451 
0.215625 71.471233 0.704605 
0.215625 72.256631 0.993444 
0.215625 73.042029 0.534384 
0.215625 73.827427 0.473833 
0.215625 74.612826 1.098306 
0.215625 75.398224 1.222382 
0.215625 76.183622 0.781182 
0.215625 76.969020 0.675570 
0.215625 77.754418 1.052092 
0.215625 78.539816 1.439320 
0.215625 79.325215 1.595222 
0.215625 80.110613 1.612375 
0.215625 80.896011 1.614901 
0.215625 81.681409 1.560464 
0.215625 82.466807 1.280700 
0.215625 83.252205 0.811361 
0.215625 84.037603 0.630267 
0.215625 84.823002 0.989376 
0.215625 85.608400 1.138654 
0.215625 86.393798 0.598067 
0.215625 87.179196 0.359826 
0.215625 87.964594 0.758379 
0.215625 88.749992 0.719279 
0.215625 89.535391 0.260730 
0.215625 90.320789 0.237116 
0.215625 91.106187 0.502758 
0.215625 91.891585 0.529751 
0.215625 92.676983 0.349685 
0.215625 93.462381 0.216898 
0.215625 94.247780 0.193490 
0.215625 95.033178 0.192657 
0.215625 95.818576 0.141454 
0.215625 96.603974 0.092285 
0.215625 97.389372 0.200593 
0.215625 98.174770 0.434763 
0.215625 98.960169 0.425540 
0.215625 99.745567 0.139533 
0.215625 100.530965 0.208785 

0.231250 0.785398 0.530304 
0.231250 1.570796 0.224916 
0.231250 2.356194 0.738829 
0.231250 3.141593 0.986068 
0.231250 3.926991 0.643827 
0.231250 4.712389 0.366399 
0.231250 5.497787 0.411700 
0.231250 6.283185 0.547129 
0.231250 7.068583 0.570015 
0.231250 7.853982 0.517971 
0.231250 8.639380 0.602250 
0.231250 9.424778 0.899291 
0.231250 10.210176 1.013693 
0.231250 10.995574 0.583706 
0.231250 11.780972 0.289820 
0.231250 12.566371 0.771328 
0.231250 13.351769 0.965966 
0.231250 14.137167 0.413873 
0.231250 14.922565 0.406792 
0.231250 15.707963 0.897594 
0.231250 16.493361 0.846188 
0.231250 17.278760 0.486076 
0.231250 18.064158 0.422754 
0.231250 18.849556 0.596875 
0.231250 19.634954 0.746652 
0.231250 20.420352 0.787740 
0.231250 21.205750 0.771178 
0.231250 21.991149 0.806128 
0.231250 22.776547 0.896533 
0.231250 23.561945 0.798940 
0.231250 24.347343 0.455354 
0.231250 25.132741 0.409152 
0.231250 25.918139 0.737559 
0.231250 26.703538 0.605445 
0.231250 27.488936 0.247788 
0.231250 28.274334 0.482255 
0.231250 29.059732 0.661029 
0.231250 29.845130 0.356398 
0.231250 30.630528 0.229903 
0.231250 31.415927 0.418586 
0.231250 32.201325 0.541661 
0.231250 32.986723 0.526692 
0.231250 33.772121 0.503301 
0.231250 34.557519 0.504281 
0.231250 35.342917 0.484062 
0.231250 36.128316 0.399698 
0.231250 36.913714 0.256785 
0.231250 37.699112 0.220697 
0.231250 38.484510 0.438982 
0.231250 39.269908 0.519063 
0.231250 40.055306 0.197615 
0.231250 40.840704 0.231265 
0.231250 41.626103 0.647012 
0.231250 42.411501 0.471010 
0.231250 43.196899 0.127332 
0.231250 43.982297 0.421559 
0.231250 44.767695 0.807392 
0.231250 45.553093 0.741233 
0.231250 46.338492 0.517564 
0.231250 47.123890 0.443694 
0.231250 47.909288 0.437495 
0.231250 48.694686 0.340886 
0.231250 49.480084 0.177612 
0.231250 50.265482 0.161170 
0.231250 51.050881 0.461514 
0.231250 51.836279 0.764689 
0.231250 52.621677 0.491746 
0.231250 53.407075 0.090879 
0.231250 54.192473 0.529876 
0.231250 54.977871 0.963702 
0.231250 55.763270 0.411248 
0.231250 56.548668 0.112680 
0.231250 57.334066 0.738712 
0.231250 58.119464 1.142659 
0.231250 58.904862 0.820974 
0.231250 59.690260 0.413918 
0.231250 60.475659 0.324120 
0.231250 61.261057 0.347825 
0.231250 62.046455 0.244101 
0.231250 62.831853 0.119942 
0.231250 63.617251 0.301497 
0.231250 64.402649 0.797294 
0.231250 65.188048 0.946342 
0.231250 65.973446 0.356645 
0.231250 66.758844 0.074461 
0.231250 67.544242 0.762612 
0.231250 68.329640 0.938726 
0.231250 69.115038 0.189210 
0.231250 69.900437 0.185398 
0.231250 70.685835 0.912150 
0.231250 71.471233 0.987969 
0.231250 72.256631 0.438784 
0.231250 73.042029 0.106202 
0.231250 73.827427 0.157503 
0.231250 74.612826 0.247107 
0.231250 75.398224 0.216061 
0.231250 76.183622 0.276594 
0.231250 76.969020 0.664323 
0.231250 77.754418 1.095458 
0.231250 78.539816 0.870748 
0.231250 79.325215 0.165900 
0.231250 80.110613 0.288638 
0.231250 80.896011 1.090445 
0.231250 81.681409 0.837531 
0.231250 82.466807 0.088583 
0.231250 83.252205 0.513917 
0.231250 84.037603 1.193276 
0.231250 84.823002 0.880240 
0.231250 85.608400 0.266026 
0.231250 86.393798 0.194089 
0.231250 87.179196 0.482492 
0.231250 87.964594 0.665016 
0.231250 88.749992 0.673792 
0.231250 89.535391 0.789055 
0.231250 90.320789 1.158422 
0.231250 91.106187 1.359057 
0.231250 91.891585 0.850611 
0.231250 92.676983 0.208364 
0.231250 93.462381 0.576950 
0.231250 94.247780 1.208374 
0.231250 95.033178 0.677393 
0.231250 95.818576 0.139080 
0.231250 96.603974 0.700167 
0.231250 97.389372 1.029250 
0.231250 98.174770 0.525400 
0.231250 98.960169 0.161305 
0.231250 99.745567 0.332700 
0.231250 100.530965 0.620217 

0.246875 0.785398 0.530868 
0.246875 1.570796 0.224738 
0.246875 2.356194 0.728453 
0.246875 3.141593 0.990448 
0.246875 3.926991 0.693873 
0.246875 4.712389 0.425288 
0.246875 5.497787 0.421914 
0.246875 6.283185 0.483729 
0.246875 7.068583 0.424817 
0.246875 7.853982 0.314860 
0.246875 8.639380 0.444617 
0.246875 9.424778 0.862807 
0.246875 10.210176 0.949808 
0.246875 10.995574 0.401937 
0.246875 11.780972 0.280958 
0.246875 12.566371 0.895737 
0.246875 13.351769 0.854499 
0.246875 14.137167 0.302053 
0.246875 14.922565 0.468112 
0.246875 15.707963 0.943329 
0.246875 16.493361 0.954079 
0.246875 17.278760 0.695655 
0.246875 18.064158 0.561195 
0.246875 18.849556 0.575606 
0.246875 19.634954 0.543025 
0.246875 20.420352 0.358020 
0.246875 21.205750 0.248548 
0.246875 21.991149 0.555374 
0.246875 22.776547 0.967846 
0.246875 23.561945 0.701121 
0.246875 24.347343 0.183982 
0.246875 25.132741 0.506150 
0.246875 25.918139 0.906802 
0.246875 26.703538 0.501436 
0.246875 27.488936 0.234052 
0.246875 28.274334 0.561246 
0.246875 29.059732 0.829963 
0.246875 29.845130 0.761008 
0.246875 30.630528 0.593596 
0.246875 31.415927 0.526759 
0.246875 32.201325 0.518151 
0.246875 32.986723 0.396683 
0.246875 33.772121 0.171862 
0.246875 34.557519 0.194416 
0.246875 35.342917 0.607379 
0.246875 36.128316 0.753034 
0.246875 36.913714 0.285131 
0.246875 37.699112 0.178875 
0.246875 38.484510 0.647123 
0.246875 39.269908 0.617276 
0.246875 40.055306 0.234742 
0.246875 40.840704 0.289030 
0.246875 41.626103 0.597778 
0.246875 42.411501 0.717550 
0.246875 43.196899 0.632573 
0.246875 43.982297 0.538338 
0.246875 44.767695 0.523731 
0.246875 45.553093 0.475923 
0.246875 46.338492 0.273050 
0.246875 47.123890 0.103168 
0.246875 47.909288 0.324065 
0.246875 48.694686 0.692475 
0.246875 49.480084 0.506844 
0.246875 50.265482 0.136798 
0.246875 51.050881 0.410948 
0.246875 51.836279 0.704161 
0.246875 52.621677 0.437518 
0.246875 53.407075 0.239218 
0.246875 54.192473 0.432916 
0.246875 54.977871 0.685354 
0.246875 55.763270 0.751169 
0.246875 56.548668 0.692814 
0.246875 57.334066 0.664007 
0.246875 58.119464 0.661692 
0.246875 58.904862 0.521248 
0.246875 59.690260 0.239743 
0.246875 60.475659 0.194853 
0.246875 61.261057 0.569897 
0.246875 62.046455 0.714036 
0.246875 62.831853 0.307189 
0.246875 63.617251 0.242898 
0.246875 64.402649 0.633181 
0.246875 65.188048 0.607574 
0.246875 65.973446 0.307052 
0.246875 66.758844 0.303443 
0.246875 67.544242 0.523840 
0.246875 68.329640 0.673659 
0.246875 69.115038 0.681452 
0.246875 69.900437 0.655099 
0.246875 70.685835 0.666782 
0.246875 71.471233 0.620854 
0.246875 72.256631 0.399796 
0.246875 73.042029 0.198682 
0.246875 73.827427 0.385749 
0.246875 74.612826 0.683874 
0.246875 75.398224 0.462806 
0.246875 76.183622 0.206571 
0.246875 76.969020 0.498072 
0.246875 77.754418 0.642655 
0.246875 78.539816 0.384548 
0.246875 79.325215 0.293914 
0.246875 80.110613 0.469053 
0.246875 80.896011 0.628121 
0.246875 81.681409 0.660877 
0.246875 82.466807 0.642643 
0.246875 83.252205 0.646210 
0.246875 84.037603 0.625183 
0.246875 84.823002 0.472687 
0.246875 85.608400 0.268068 
0.246875 86.393798 0.343981 
0.246875 87.179196 0.668630 
0.246875 87.964594 0.601867 
0.246875 88.749992 0.270781 
0.246875 89.535391 0.481202 
0.246875 90.320789 0.767787 
0.246875 91.106187 0.530891 
0.246875 91.891585 0.354468 
0.246875 92.676983 0.551540 
0.246875 93.462381 0.771511 
0.246875 94.247780 0.822131 
0.246875 95.033178 0.800487 
0.246875 95.818576 0.797642 
0.246875 96.603974 0.766096 
0.246875 97.389372 0.603050 
0.246875 98.174770 0.365921 
0.246875 98.960169 0.373857 
0.246875 99.745567 0.719297 
0.246875 100.530965 0.768071 

0.262500 0.785398 0.531468 
0.262500 1.570796 0.224585 
0.262500 2.356194 0.717364 
0.262500 3.141593 0.992919 
0.262500 3.926991 0.743876 
0.262500 4.712389 0.496674 
0.262500 5.497787 0.465504 
0.262500 6.283185 0.469167 
0.262500 7.068583 0.333047 
0.262500 7.853982 0.173899 
0.262500 8.639380 0.368678 
0.262500 9.424778 0.869949 
0.262500 10.210176 0.823083 
0.262500 10.995574 0.202291 
0.262500 11.780972 0.356157 
0.262500 12.566371 0.974417 
0.262500 13.351769 0.670983 
0.262500 14.137167 0.183302 
0.262500 14.922565 0.461771 
0.262500 15.707963 0.916128 
0.262500 16.493361 0.985855 
0.262500 17.278760 0.853476 
0.262500 18.064158 0.805507 
0.262500 18.849556 0.815124 
0.262500 19.634954 0.633490 
0.262500 20.420352 0.232325 
0.262500 21.205750 0.156632 
0.262500 21.991149 0.718085 
0.262500 22.776547 0.914356 
0.262500 23.561945 0.258947 
0.262500 24.347343 0.205955 
0.262500 25.132741 0.856780 
0.262500 25.918139 0.756303 
0.262500 26.703538 0.199380 
0.262500 27.488936 0.176726 
0.262500 28.274334 0.519122 
0.262500 29.059732 0.718487 
0.262500 29.845130 0.732581 
0.262500 30.630528 0.778742 
0.262500 31.415927 0.933097 
0.262500 32.201325 0.939449 
0.262500 32.986723 0.531490 
0.262500 33.772121 0.188188 
0.262500 34.557519 0.601288 
0.262500 35.342917 0.944788 
0.262500 36.128316 0.393345 
0.262500 36.913714 0.201804 
0.262500 37.699112 0.754496 
0.262500 38.484510 0.835331 
0.262500 39.269908 0.410050 
0.262500 40.055306 0.220363 
0.262500 40.840704 0.337176 
0.262500 41.626103 0.450666 
0.262500 42.411501 0.438147 
0.262500 43.196899 0.433944 
0.262500 43.982297 0.638014 
0.262500 44.767695 0.907274 
0.262500 45.553093 0.713468 
0.262500 46.338492 0.249759 
0.262500 47.123890 0.483257 
0.262500 47.909288 0.919058 
0.262500 48.694686 0.542708 
0.262500 49.480084 0.264487 
0.262500 50.265482 0.658555 
0.262500 51.050881 0.909761 
0.262500 51.836279 0.751038 
0.262500 52.621677 0.571017 
0.262500 53.407075 0.542661 
0.262500 54.192473 0.540554 
0.262500 54.977871 0.406148 
0.262500 55.763270 0.210955 
0.262500 56.548668 0.322753 
0.262500 57.334066 0.786605 
0.262500 58.119464 0.814434 
0.262500 58.904862 0.252759 
0.262500 59.690260 0.320781 
0.262500 60.475659 0.870552 
0.262500 61.261057 0.660892 
0.262500 62.046455 0.230667 
0.262500 62.831853 0.409106 
0.262500 63.617251 0.777599 
0.262500 64.402649 0.878024 
0.262500 65.188048 0.808546 
0.262500 65.973446 0.780124 
0.262500 66.758844 0.791563 
0.262500 67.544242 0.644935 
0.262500 68.329640 0.288309 
0.262500 69.115038 0.183964 
0.262500 69.900437 0.650860 
0.262500 70.685835 0.830422 
0.262500 71.471233 0.270596 
0.262500 72.256631 0.229779 
0.262500 73.042029 0.770950 
0.262500 73.827427 0.664618 
0.262500 74.612826 0.215426 
0.262500 75.398224 0.221229 
0.262500 76.183622 0.498265 
0.262500 76.969020 0.652026 
0.262500 77.754418 0.666397 
0.262500 78.539816 0.697348 
0.262500 79.325215 0.795752 
0.262500 80.110613 0.781314 
0.262500 80.896011 0.465302 
0.262500 81.681409 0.228630 
0.262500 82.466807 0.582102 
0.262500 83.252205 0.805020 
0.262500 84.037603 0.334215 
0.262500 84.823002 0.269779 
0.262500 85.608400 0.737123 
0.262500 86.393798 0.715461 
0.262500 87.179196 0.362053 
0.262500 87.964594 0.282328 
0.262500 88.749992 0.422037 
0.262500 89.535391 0.515568 
0.262500 90.320789 0.501419 
0.262500 91.106187 0.488715 
0.262500 91.891585 0.621933 
0.262500 92.676983 0.800023 
0.262500 93.462381 0.632910 
0.262500 94.247780 0.297573 
0.262500 95.033178 0.522956 
0.262500 95.818576 0.823990 
0.262500 96.603974 0.482600 
0.262500 97.389372 0.337583 
0.262500 98.174770 0.691952 
0.262500 98.960169 0.825720 
0.262500 99.745567 0.664344 
0.262500 100.530965 0.558785 

0.278125 0.785398 0.532104 
0.278125 1.570796 0.224463 
0.278125 2.356194 0.705570 
0.278125 3.141593 0.993121 
0.278125 3.926991 0.792311 
0.278125 4.712389 0.577467 
0.278125 5.497787 0.539459 
0.278125 6.283185 0.503390 
0.278125 7.068583 0.297623 
0.278125 7.853982 0.099703 
0.278125 8.639380 0.371380 
0.278125 9.424778 0.893931 
0.278125 10.210176 0.651195 
0.278125 10.995574 0.077298 
0.278125 11.780972 0.498061 
0.278125 12.566371 0.960459 
0.278125 13.351769 0.484115 
0.278125 14.137167 0.113296 
0.278125 14.922565 0.384166 
0.278125 15.707963 0.724124 
0.278125 16.493361 0.809919 
0.278125 17.278760 0.814619 
0.278125 18.064158 0.930154 
0.278125 18.849556 1.033173 
0.278125 19.634954 0.764774 
0.278125 20.420352 0.275017 
0.278125 21.205750 0.435578 
0.278125 21.991149 1.007060 
0.278125 22.776547 0.690868 
0.278125 23.561945 0.192214 
0.278125 24.347343 0.616283 
0.278125 25.132741 1.003910 
0.278125 25.918139 0.742544 
0.278125 26.703538 0.425438 
0.278125 27.488936 0.386822 
0.278125 28.274334 0.429392 
0.278125 29.059732 0.338847 
0.278125 29.845130 0.199292 
0.278125 30.630528 0.374657 
0.278125 31.415927 0.861886 
0.278125 32.201325 0.830665 
0.278125 32.986723 0.204070 
0.278125 33.772121 0.326610 
0.278125 34.557519 0.923121 
0.278125 35.342917 0.635193 
0.278125 36.128316 0.160460 
0.278125 36.913714 0.376452 
0.278125 37.699112 0.768948 
0.278125 38.484510 0.865662 
0.278125 39.269908 0.810027 
0.278125 40.055306 0.827847 
0.278125 40.840704 0.872395 
0.278125 41.626103 0.672292 
0.278125 42.411501 0.240171 
0.278125 43.196899 0.249039 
0.278125 43.982297 0.820849 
0.278125 44.767695 0.752161 
0.278125 45.553093 0.149051 
0.278125 46.338492 0.402325 
0.278125 47.123890 0.895324 
0.278125 47.909288 0.645149 
0.278125 48.694686 0.247799 
0.278125 49.480084 0.234218 
0.278125 50.265482 0.379946 
0.278125 51.050881 0.414964 
0.278125 51.836279 0.370242 
0.278125 52.621677 0.485961 
0.278125 53.407075 0.827507 
0.278125 54.192473 0.882092 
0.278125 54.977871 0.373358 
0.278125 55.763270 0.287163 
0.278125 56.548668 0.859106 
0.278125 57.334066 0.776674 
0.278125 58.119464 0.282927 
0.278125 58.904862 0.440975 
0.278125 59.690260 0.855948 
0.278125 60.475659 0.936596 
0.278125 61.261057 0.819630 
0.278125 62.046455 0.764263 
0.278125 62.831853 0.756438 
0.278125 63.617251 0.592475 
0.278125 64.402649 0.243584 
0.278125 65.188048 0.192664 
0.278125 65.973446 0.715705 
0.278125 66.758844 0.858440 
0.278125 67.544242 0.238342 
0.278125 68.329640 0.254085 
0.278125 69.115038 0.843330 
0.278125 69.900437 0.702859 
0.278125 70.685835 0.224243 
0.278125 71.471233 0.205528 
0.278125 72.256631 0.453145 
0.278125 73.042029 0.588876 
0.278125 73.827427 0.596885 
0.278125 74.612826 0.657886 
0.278125 75.398224 0.847517 
0.278125 76.183622 0.879485 
0.278125 76.969020 0.482081 
0.278125 77.754418 0.275207 
0.278125 78.539816 0.731262 
0.278125 79.325215 0.798259 
0.278125 80.110613 0.308247 
0.278125 80.896011 0.386646 
0.278125 81.681409 0.785411 
0.278125 82.466807 0.789620 
0.278125 83.252205 0.586390 
0.278125 84.037603 0.498777 
0.278125 84.823002 0.501304 
0.278125 85.608400 0.424721 
0.278125 86.393798 0.221335 
0.278125 87.179196 0.173174 
0.278125 87.964594 0.562241 
0.278125 88.749992 0.818446 
0.278125 89.535391 0.344945 
0.278125 90.320789 0.161201 
0.278125 91.106187 0.719137 
0.278125 91.891585 0.737875 
0.278125 92.676983 0.253844 
0.278125 93.462381 0.236114 
0.278125 94.247780 0.565048 
0.278125 95.033178 0.750620 
0.278125 95.818576 0.763023 
0.278125 96.603974 0.783108 
0.278125 97.389372 0.857264 
0.278125 98.174770 0.795295 
0.278125 98.960169 0.445971 
0.278125 99.745567 0.258348 
0.278125 100.530965 0.679653 

0.293750 0.785398 0.532777 
0.293750 1.570796 0.224381 
0.293750 2.356194 0.693083 
0.293750 3.141593 0.990702 
0.293750 3.926991 0.837466 
0.293750 4.712389 0.663208 
0.293750 5.497787 0.635423 
0.293750 6.283185 0.572235 
0.293750 7.068583 0.297707 
0.293750 7.853982 0.074208 
0.293750 8.639380 0.436568 
0.293750 9.424778 0.915719 
0.293750 10.210176 0.476120 
0.293750 10.995574 0.056574 
0.293750 11.780972 0.635370 
0.293750 12.566371 0.895625 
0.293750 13.351769 0.390900 
0.293750 14.137167 0.103622 
0.293750 14.922565 0.250915 
0.293750 15.707963 0.407100 
0.293750 16.493361 0.408191 
0.293750 17.278760 0.451046 
0.293750 18.064158 0.751305 
0.293750 18.849556 1.015663 
0.293750 19.634954 0.638654 
0.293750 20.420352 0.177932 
0.293750 21.205750 0.652372 
0.293750 21.991149 1.009915 
0.293750 22.776547 0.461282 
0.293750 23.561945 0.248683 
0.293750 24.347343 0.687310 
0.293750 25.132741 0.989549 
0.293750 25.918139 0.964726 
0.293750 26.703538 0.906749 
0.293750 27.488936 0.934160 
0.293750 28.274334 0.842075 
0.293750 29.059732 0.438434 
0.293750 29.845130 0.160789 
0.293750 30.630528 0.614659 
0.293750 31.415927 0.968882 
0.293750 32.201325 0.379616 
0.293750 32.986723 0.171385 
0.293750 33.772121 0.761227 
0.293750 34.557519 0.865227 
0.293750 35.342917 0.444795 
0.293750 36.128316 0.225725 
0.293750 36.913714 0.271406 
0.293750 37.699112 0.290974 
0.293750 38.484510 0.189796 
0.293750 39.269908 0.210942 
0.293750 40.055306 0.608267 
0.293750 40.840704 0.894740 
0.293750 41.626103 0.413990 
0.293750 42.411501 0.104512 
0.293750 43.196899 0.695303 
0.293750 43.982297 0.824463 
0.293750 44.767695 0.265706 
0.293750 45.553093 0.176412 
0.293750 46.338492 0.544208 
0.293750 47.123890 0.767783 
0.293750 47.909288 0.778633 
0.293750 48.694686 0.804850 
0.293750 49.480084 0.913984 
0.293750 50.265482 0.854605 
0.293750 51.050881 0.433100 
0.293750 51.836279 0.234698 
0.293750 52.621677 0.744317 
0.293750 53.407075 0.874164 
0.293750 54.192473 0.295213 
0.293750 54.977871 0.349240 
0.293750 55.763270 0.859565 
0.293750 56.548668 0.868948 
0.293750 57.334066 0.584709 
0.293750 58.119464 0.460382 
0.293750 58.904862 0.464630 
0.293750 59.690260 0.374710 
0.293750 60.475659 0.155991 
0.293750 61.261057 0.167955 
0.293750 62.046455 0.659142 
0.293750 62.831853 0.854813 
0.293750 63.617251 0.257753 
0.293750 64.402649 0.180317 
0.293750 65.188048 0.816054 
0.293750 65.973446 0.741937 
0.293750 66.758844 0.216044 
0.293750 67.544242 0.176907 
0.293750 68.329640 0.455116 
0.293750 69.115038 0.610129 
0.293750 69.900437 0.620967 
0.293750 70.685835 0.695872 
0.293750 71.471233 0.904752 
0.293750 72.256631 0.904289 
0.293750 73.042029 0.451367 
0.293750 73.827427 0.303735 
0.293750 74.612826 0.810281 
0.293750 75.398224 0.792779 
0.293750 76.183622 0.304907 
0.293750 76.969020 0.420382 
0.293750 77.754418 0.804357 
0.293750 78.539816 0.859657 
0.293750 79.325215 0.737535 
0.293750 80.110613 0.686019 
0.293750 80.896011 0.673332 
0.293750 81.681409 0.506639 
0.293750 82.466807 0.189506 
0.293750 83.252205 0.208783 
0.293750 84.037603 0.717137 
0.293750 84.823002 0.719467 
0.293750 85.608400 0.141825 
0.293750 86.393798 0.313243 
0.293750 87.179196 0.801495 
0.293750 87.964594 0.577165 
0.293750 88.749992 0.191245 
0.293750 89.535391 0.186229 
0.293750 90.320789 0.330741 
0.293750 91.106187 0.366626 
0.293750 91.891585 0.334764 
0.293750 92.676983 0.459663 
0.293750 93.462381 0.771810 
0.293750 94.247780 0.758615 
0.293750 95.033178 0.276101 
0.293750 95.818576 0.314617 
0.293750 96.603974 0.820021 
0.293750 97.389372 0.626558 
0.293750 98.174770 0.234732 
0.293750 98.960169 0.430244 
0.293750 99.745567 0.761312 
0.293750 100.530965 0.835527 

0.309375 0.785398 0.533487 
0.309375 1.570796 0.224344 
0.309375 2.356194 0.679919 
0.309375 3.141593 0.985329 
0.309375 3.926991 0.877512 
0.309375 4.712389 0.748334 
0.309375 5.497787 0.740770 
0.309375 6.283185 0.652474 
0.309375 7.068583 0.305863 
0.309375 7.853982 0.085549 
0.309375 8.639380 0.553049 
0.309375 9.424778 0.919656 
0.309375 10.210176 0.326646 
0.309375 10.995574 0.116281 
0.309375 11.780972 0.740666 
0.309375 12.566371 0.854573 
0.309375 13.351769 0.416688 
0.309375 14.137167 0.180406 
0.309375 14.922565 0.200853 
0.309375 15.707963 0.182628 
0.309375 16.493361 0.070211 
0.309375 17.278760 0.171816 
0.309375 18.064158 0.661656 
0.309375 18.849556 0.818477 
0.309375 19.634954 0.208441 
0.309375 20.420352 0.142662 
0.309375 21.205750 0.810284 
0.309375 21.991149 0.718030 
0.309375 22.776547 0.153514 
0.309375 23.561945 0.113330 
0.309375 24.347343 0.390557 
0.309375 25.132741 0.523509 
0.309375 25.918139 0.531893 
0.309375 26.703538 0.676115 
0.309375 27.488936 0.974387 
0.309375 28.274334 0.908088 
0.309375 29.059732 0.329001 
0.309375 29.845130 0.324693 
0.309375 30.630528 0.941788 
0.309375 31.415927 0.763727 
0.309375 32.201325 0.240568 
0.309375 32.986723 0.420402 
0.309375 33.772121 0.833837 
0.309375 34.557519 0.947876 
0.309375 35.342917 0.906067 
0.309375 36.128316 0.927247 
0.309375 36.913714 0.925762 
0.309375 37.699112 0.631231 
0.309375 38.484510 0.224106 
0.309375 39.269908 0.440197 
0.309375 40.055306 0.930027 
0.309375 40.840704 0.559803 
0.309375 41.626103 0.156121 
0.309375 42.411501 0.581120 
0.309375 43.196899 0.878759 
0.309375 43.982297 0.660255 
0.309375 44.767695 0.434019 
0.309375 45.553093 0.395693 
0.309375 46.338492 0.360318 
0.309375 47.123890 0.172312 
0.309375 47.909288 0.044980 
0.309375 48.694686 0.392608 
0.309375 49.480084 0.776259 
0.309375 50.265482 0.356958 
0.309375 51.050881 0.037228 
0.309375 51.836279 0.561693 
0.309375 52.621677 0.726238 
0.309375 53.407075 0.281671 
0.309375 54.192473 0.063287 
0.309375 54.977871 0.169363 
0.309375 55.763270 0.254318 
0.309375 56.548668 0.231175 
0.309375 57.334066 0.314991 
0.309375 58.119464 0.663710 
0.309375 58.904862 0.829992 
0.309375 59.690260 0.350907 
0.309375 60.475659 0.136921 
0.309375 61.261057 0.706841 
0.309375 62.046455 0.762797 
0.309375 62.831853 0.245399 
0.309375 63.617251 0.214692 
0.309375 64.402649 0.561072 
0.309375 65.188048 0.750454 
0.309375 65.973446 0.763211 
0.309375 66.758844 0.802645 
0.309375 67.544242 0.891904 
0.309375 68.329640 0.766611 
0.309375 69.115038 0.362501 
0.309375 69.900437 0.353513 
0.309375 70.685835 0.827954 
0.309375 71.471233 0.697667 
0.309375 72.256631 0.269782 
0.309375 73.042029 0.497245 
0.309375 73.827427 0.850071 
0.309375 74.612826 0.829790 
0.309375 75.398224 0.697281 
0.309375 76.183622 0.663530 
0.309375 76.969020 0.628294 
0.309375 77.754418 0.401822 
0.309375 78.539816 0.120734 
0.309375 79.325215 0.334138 
0.309375 80.110613 0.836561 
0.309375 80.896011 0.558184 
0.309375 81.681409 0.080471 
0.309375 82.466807 0.498699 
0.309375 83.252205 0.848105 
0.309375 84.037603 0.527873 
0.309375 84.823002 0.222289 
0.309375 85.608400 0.219650 
0.309375 86.393798 0.263712 
0.309375 87.179196 0.181783 
0.309375 87.964594 0.136502 
0.309375 88.749992 0.443787 
0.309375 89.535391 0.817711 
0.309375 90.320789 0.487810 
0.309375 91.106187 0.053231 
0.309375 91.891585 0.496792 
0.309375 92.676983 0.775196 
0.309375 93.462381 0.326737 
0.309375 94.247780 0.086421 
0.309375 95.033178 0.276740 
0.309375 95.818576 0.462070 
0.309375 96.603974 0.494385 
0.309375 97.389372 0.526042 
0.309375 98.174770 0.699405 
0.309375 98.960169 0.808947 
0.309375 99.745567 0.484122 
0.309375 100.530965 0.204487 

0.325000 0.785398 0.534232 
0.325000 1.570796 0.224362 
0.325000 2.356194 0.666101 
0.325000 3.141593 0.976696 
0.325000 3.926991 0.910587 
0.325000 4.712389 0.826660 
0.325000 5.497787 0.840840 
0.325000 6.283185 0.720287 
0.325000 7.068583 0.305878 
0.325000 7.853982 0.137730 
0.325000 8.639380 0.701939 
0.325000 9.424778 0.886125 
0.325000 10.210176 0.222280 
0.325000 10.995574 0.227974 
0.325000 11.780972 0.819017 
0.325000 12.566371 0.863672 
0.325000 13.351769 0.550410 
0.325000 14.137167 0.399594 
0.325000 14.922565 0.387694 
0.325000 15.707963 0.265059 
0.325000 16.493361 0.028993 
0.325000 17.278760 0.144457 
0.325000 18.064158 0.667191 
0.325000 18.849556 0.578914 
0.325000 19.634954 0.027542 
0.325000 20.420352 0.285977 
0.325000 21.205750 0.731307 
0.325000 21.991149 0.506944 
0.325000 22.776547 0.140077 
0.325000 23.561945 0.043006 
0.325000 24.347343 0.048848 
0.325000 25.132741 0.006502 
0.325000 25.918139 0.065532 
0.325000 26.703538 0.418021 
0.325000 27.488936 0.654227 
0.325000 28.274334 0.251311 
0.325000 29.059732 0.041628 
0.325000 29.845130 0.534952 
0.325000 30.630528 0.612942 
0.325000 31.415927 0.172748 
0.325000 32.201325 0.001438 
0.325000 32.986723 0.108883 
0.325000 33.772121 0.170896 
0.325000 34.557519 0.180523 
0.325000 35.342917 0.386271 
0.325000 36.128316 0.781486 
0.325000 36.913714 0.725140 
0.325000 37.699112 0.124529 
0.325000 38.484510 0.207563 
0.325000 39.269908 0.812157 
0.325000 40.055306 0.571423 
0.325000 40.840704 0.069602 
0.325000 41.626103 0.173065 
0.325000 42.411501 0.474112 
0.325000 43.196899 0.572815 
0.325000 43.982297 0.588971 
0.325000 44.767695 0.747470 
0.325000 45.553093 0.934086 
0.325000 46.338492 0.669956 
0.325000 47.123890 0.188859 
0.325000 47.909288 0.471872 
0.325000 48.694686 0.900136 
0.325000 49.480084 0.490152 
0.325000 50.265482 0.194437 
0.325000 51.050881 0.507044 
0.325000 51.836279 0.795451 
0.325000 52.621677 0.827012 
0.325000 53.407075 0.816706 
0.325000 54.192473 0.865357 
0.325000 54.977871 0.777994 
0.325000 55.763270 0.399377 
0.325000 56.548668 0.250768 
0.325000 57.334066 0.716754 
0.325000 58.119464 0.784969 
0.325000 58.904862 0.275581 
0.325000 59.690260 0.349770 
0.325000 60.475659 0.773651 
0.325000 61.261057 0.834549 
0.325000 62.046455 0.693974 
0.325000 62.831853 0.642088 
0.325000 63.617251 0.626521 
0.325000 64.402649 0.423388 
0.325000 65.188048 0.101179 
0.325000 65.973446 0.247073 
0.325000 66.758844 0.767962 
0.325000 67.544242 0.550457 
0.325000 68.329640 0.052820 
0.325000 69.115038 0.392197 
0.325000 69.900437 0.772688 
0.325000 70.685835 0.576623 
0.325000 71.471233 0.302002 
0.325000 72.256631 0.235199 
0.325000 73.042029 0.216920 
0.325000 73.827427 0.087461 
0.325000 74.612826 0.008855 
0.325000 75.398224 0.313940 
0.325000 76.183622 0.619188 
0.325000 76.969020 0.257769 
0.325000 77.754418 0.019791 
0.325000 78.539816 0.431879 
0.325000 79.325215 0.540149 
0.325000 80.110613 0.211146 
0.325000 80.896011 0.018538 
0.325000 81.681409 0.025371 
0.325000 82.466807 0.032275 
0.325000 83.252205 0.023858 
0.325000 84.037603 0.196856 
0.325000 84.823002 0.535821 
0.325000 85.608400 0.481163 
0.325000 86.393798 0.042842 
0.325000 87.179196 0.198795 
0.325000 87.964594 0.604693 
0.325000 88.749992 0.350355 
0.325000 89.535391 0.019364 
0.325000 90.320789 0.094305 
0.325000 91.106187 0.254243 
0.325000 91.891585 0.289810 
0.325000 92.676983 0.327269 
0.325000 93.462381 0.546713 
0.325000 94.247780 0.754097 
0.325000 95.033178 0.456673 
0.325000 95.818576 0.081204 
0.325000 96.603974 0.471430 
0.325000 97.389372 0.760110 
0.325000 98.174770 0.329261 
0.325000 98.960169 0.145570 
0.325000 99.745567 0.435236 
0.325000 100.530965 0.662514 

0.340625 0.785398 0.535014 
0.340625 1.570796 0.224441 
0.340625 2.356194 0.651655 
0.340625 3.141593 0.964536 
0.340625 3.926991 0.934896 
0.340625 4.712389 0.892010 
0.340625 5.497787 0.921887 
0.340625 6.283185 0.759672 
0.340625 7.068583 0.300351 
0.340625 7.853982 0.237385 
0.340625 8.639380 0.845983 
0.340625 9.424778 0.809872 
0.340625 10.210176 0.184100 
0.340625 10.995574 0.363050 
0.340625 11.780972 0.869752 
0.340625 12.566371 0.909074 
0.340625 13.351769 0.753886 
0.340625 14.137167 0.730724 
0.340625 14.922565 0.723456 
0.340625 15.707963 0.428092 
0.340625 16.493361 0.051647 
0.340625 17.278760 0.363787 
0.340625 18.064158 0.873918 
0.340625 18.849556 0.424236 
0.340625 19.634954 0.033081 
0.340625 20.420352 0.501644 
0.340625 21.205750 0.825369 
0.340625 21.991149 0.664121 
0.340625 22.776547 0.495511 
0.340625 23.561945 0.505894 
0.340625 24.347343 0.484225 
0.340625 25.132741 0.199939 
0.340625 25.918139 0.009185 
0.340625 26.703538 0.424480 
0.340625 27.488936 0.658963 
0.340625 28.274334 0.173025 
0.340625 29.059732 0.062489 
0.340625 29.845130 0.482092 
0.340625 30.630528 0.602715 
0.340625 31.415927 0.409742 
0.340625 32.201325 0.295084 
0.340625 32.986723 0.344796 
0.340625 33.772121 0.374653 
0.340625 34.557519 0.191078 
0.340625 35.342917 0.060086 
0.340625 36.128316 0.333510 
0.340625 36.913714 0.474044 
0.340625 37.699112 0.173162 
0.340625 38.484510 0.087794 
0.340625 39.269908 0.323412 
0.340625 40.055306 0.401265 
0.340625 40.840704 0.290288 
0.340625 41.626103 0.237374 
0.340625 42.411501 0.342862 
0.340625 43.196899 0.466523 
0.340625 43.982297 0.315945 
0.340625 44.767695 0.051502 
0.340625 45.553093 0.232434 
0.340625 46.338492 0.518794 
0.340625 47.123890 0.272437 
0.340625 47.909288 0.030485 
0.340625 48.694686 0.208482 
0.340625 49.480084 0.375776 
0.340625 50.265482 0.351501 
0.340625 51.050881 0.346125 
0.340625 51.836279 0.514192 
0.340625 52.621677 0.669689 
0.340625 53.407075 0.391736 
0.340625 54.192473 0.004375 
0.340625 54.977871 0.333813 
0.340625 55.763270 0.701296 
0.340625 56.548668 0.284183 
0.340625 57.334066 0.008448 
0.340625 58.119464 0.294543 
0.340625 58.904862 0.529642 
0.340625 59.690260 0.535628 
0.340625 60.475659 0.566187 
0.340625 61.261057 0.747280 
0.340625 62.046455 0.779543 
0.340625 62.831853 0.329322 
0.340625 63.617251 0.088230 
0.340625 64.402649 0.625487 
0.340625 65.188048 0.749734 
0.340625 65.973446 0.208228 
0.340625 66.758844 0.163238 
0.340625 67.544242 0.544778 
0.340625 68.329640 0.724728 
0.340625 69.115038 0.718202 
0.340625 69.900437 0.767321 
0.340625 70.685835 0.853935 
0.340625 71.471233 0.654017 
0.340625 72.256631 0.226242 
0.340625 73.042029 0.374669 
0.340625 73.827427 0.833428 
0.340625 74.612826 0.545799 
0.340625 75.398224 0.197797 
0.340625 76.183622 0.464775 
0.340625 76.969020 0.770600 
0.340625 77.754418 0.810710 
0.340625 78.539816 0.792697 
0.340625 79.325215 0.824946 
0.340625 80.110613 0.726646 
0.340625 80.896011 0.363598 
0.340625 81.681409 0.242955 
0.340625 82.466807 0.697876 
0.340625 83.252205 0.736687 
0.340625 84.037603 0.257167 
0.340625 84.823002 0.337142 
0.340625 85.608400 0.730538 
0.340625 86.393798 0.820457 
0.340625 87.179196 0.741586 
0.340625 87.964594 0.731815 
0.340625 88.749992 0.709376 
0.340625 89.535391 0.438336 
0.340625 90.320789 0.117894 
0.340625 91.106187 0.395481 
0.340625 91.891585 0.815930 
0.340625 92.676983 0.414291 
0.340625 93.462381 0.106169 
0.340625 94.247780 0.521799 
0.340625 95.033178 0.799744 
0.340625 95.818576 0.685850 
0.340625 96.603974 0.567541 
0.340625 97.389372 0.575124 
0.340625 98.174770 0.498510 
0.340625 98.960169 0.173513 
0.340625 99.745567 0.044619 
0.340625 100.530965 0.522599 

0.356250 0.785398 0.535832 
0.356250 1.570796 0.224591 
0.356250 2.356194 0.636615 
0.356250 3.141593 0.948633 
0.356250 3.926991 0.948831 
0.356250 4.712389 0.938949 
0.356250 5.497787 0.973981 
0.356250 6.283185 0.767313 
0.356250 7.068583 0.304914 
0.356250 7.853982 0.375630 
0.356250 8.639380 0.943831 
0.356250 9.424778 0.715469 
0.356250 10.210176 0.219981 
0.356250 10.995574 0.488599 
0.356250 11.780972 0.888102 
0.356250 12.566371 0.952086 
0.356250 13.351769 0.928217 
0.356250 14.137167 0.971725 
0.356250 14.922565 0.860166 
0.356250 15.707963 0.424044 
0.356250 16.493361 0.285974 
0.356250 17.278760 0.810955 
0.356250 18.064158 0.849834 
0.356250 18.849556 0.302250 
0.356250 19.634954 0.367458 
0.356250 20.420352 0.801827 
0.356250 21.205750 0.949235 
0.356250 21.991149 0.927506 
0.356250 22.776547 0.959600 
0.356250 23.561945 0.914566 
0.356250 24.347343 0.545393 
0.356250 25.132741 0.274382 
0.356250 25.918139 0.676066 
0.356250 26.703538 0.908706 
0.356250 27.488936 0.433606 
0.356250 28.274334 0.314618 
0.356250 29.059732 0.717442 
0.356250 29.845130 0.942355 
0.356250 30.630528 0.940787 
0.356250 31.415927 0.954218 
0.356250 32.201325 0.939730 
0.356250 32.986723 0.641281 
0.356250 33.772121 0.306978 
0.356250 34.557519 0.587647 
0.356250 35.342917 0.918144 
0.356250 36.128316 0.549615 
0.356250 36.913714 0.323079 
0.356250 37.699112 0.663652 
0.356250 38.484510 0.935395 
0.356250 39.269908 0.957553 
0.356250 40.055306 0.956794 
0.356250 40.840704 0.948438 
0.356250 41.626103 0.700760 
0.356250 42.411501 0.335549 
0.356250 43.196899 0.527448 
0.356250 43.982297 0.924587 
0.356250 44.767695 0.623671 
0.356250 45.553093 0.330242 
0.356250 46.338492 0.632573 
0.356250 47.123890 0.932848 
0.356250 47.909288 0.964299 
0.356250 48.694686 0.951628 
0.356250 49.480084 0.949119 
0.356250 50.265482 0.739834 
0.356250 51.050881 0.342062 
0.356250 51.836279 0.435950 
0.356250 52.621677 0.925278 
0.356250 53.407075 0.698636 
0.356250 54.192473 0.292565 
0.356250 54.977871 0.565937 
0.356250 55.763270 0.922220 
0.356250 56.548668 0.961278 
0.356250 57.334066 0.927178 
0.356250 58.119464 0.939940 
0.356250 58.904862 0.788830 
0.356250 59.690260 0.365985 
0.356250 60.475659 0.296472 
0.356250 61.261057 0.853634 
0.356250 62.046455 0.817212 
0.356250 62.831853 0.264941 
0.356250 63.617251 0.419465 
0.356250 64.402649 0.863492 
0.356250 65.188048 0.955515 
0.356250 65.973446 0.897159 
0.356250 66.758844 0.917895 
0.356250 67.544242 0.856533 
0.356250 68.329640 0.463770 
0.356250 69.115038 0.183100 
0.356250 69.900437 0.668889 
0.356250 70.685835 0.934417 
0.356250 71.471233 0.348948 
0.356250 72.256631 0.244161 
0.356250 73.042029 0.724526 
0.356250 73.827427 0.938823 
0.356250 74.612826 0.888536 
0.356250 75.398224 0.895114 
0.356250 76.183622 0.920544 
0.356250 76.969020 0.634902 
0.356250 77.754418 0.192390 
0.356250 78.539816 0.439171 
0.356250 79.325215 0.955599 
0.356250 80.110613 0.556759 
0.356250 80.896011 0.161792 
0.356250 81.681409 0.535094 
0.356250 82.466807 0.890402 
0.356250 83.252205 0.908222 
0.356250 84.037603 0.893189 
0.356250 84.823002 0.957437 
0.356250 85.608400 0.809643 
0.356250 86.393798 0.334538 
0.356250 87.179196 0.293752 
0.356250 87.964594 0.858891 
0.356250 88.749992 0.773545 
0.356250 89.535391 0.239528 
0.356250 90.320789 0.388754 
0.356250 91.106187 0.811119 
0.356250 91.891585 0.932338 
0.356250 92.676983 0.916572 
0.356250 93.462381 0.965886 
0.356250 94.247780 0.909970 
0.356250 95.033178 0.510001 
0.356250 95.818576 0.289838 
0.356250 96.603974 0.734971 
0.356250 97.389372 0.877417 
0.356250 98.174770 0.398178 
0.356250 98.960169 0.357085 
0.356250 99.745567 0.743883 
0.356250 100.530965 0.935455 

0.371875 0.785398 0.536686 
0.371875 1.570796 0.224819 
0.371875 2.356194 0.621022 
0.371875 3.141593 0.928828 
0.371875 3.926991 0.951081 
0.371875 4.712389 0.963487 
0.371875 5.497787 0.993097 
0.371875 6.283185 0.752137 
0.371875 7.068583 0.334822 
0.371875 7.853982 0.523962 
0.371875 8.639380 0.975610 
0.371875 9.424778 0.643119 
0.371875 10.210176 0.312314 
0.371875 10.995574 0.582583 
0.371875 11.780972 0.872405 
0.371875 12.566371 0.937950 
0.371875 13.351769 0.939050 
0.371875 14.137167 0.923808 
0.371875 14.922565 0.763132 
0.371875 15.707963 0.553094 
0.371875 16.493361 0.658704 
0.371875 17.278760 0.853980 
0.371875 18.064158 0.688033 
0.371875 18.849556 0.564318 
0.371875 19.634954 0.724934 
0.371875 20.420352 0.886808 
0.371875 21.205750 0.929086 
0.371875 21.991149 0.865922 
0.371875 22.776547 0.698882 
0.371875 23.561945 0.583922 
0.371875 24.347343 0.738309 
0.371875 25.132741 0.823203 
0.371875 25.918139 0.618958 
0.371875 26.703538 0.599446 
0.371875 27.488936 0.804250 
0.371875 28.274334 0.915615 
0.371875 29.059732 0.926266 
0.371875 29.845130 0.925538 
0.371875 30.630528 0.816249 
0.371875 31.415927 0.494535 
0.371875 32.201325 0.344565 
0.371875 32.986723 0.778902 
0.371875 33.772121 0.914115 
0.371875 34.557519 0.409781 
0.371875 35.342917 0.423024 
0.371875 36.128316 0.853396 
0.371875 36.913714 0.994450 
0.371875 37.699112 0.944916 
0.371875 38.484510 0.945649 
0.371875 39.269908 0.871572 
0.371875 40.055306 0.488228 
0.371875 40.840704 0.214590 
0.371875 41.626103 0.701312 
0.371875 42.411501 0.960698 
0.371875 43.196899 0.379113 
0.371875 43.982297 0.280229 
0.371875 44.767695 0.737431 
0.371875 45.553093 0.957034 
0.371875 46.338492 0.946975 
0.371875 47.123890 0.977217 
0.371875 47.909288 0.970641 
0.371875 48.694686 0.633351 
0.371875 49.480084 0.284171 
0.371875 50.265482 0.656128 
0.371875 51.050881 0.977721 
0.371875 51.836279 0.506707 
0.371875 52.621677 0.317887 
0.371875 53.407075 0.664878 
0.371875 54.192473 0.908213 
0.371875 54.977871 0.942650 
0.371875 55.763270 0.951662 
0.371875 56.548668 0.926232 
0.371875 57.334066 0.717086 
0.371875 58.119464 0.525924 
0.371875 58.904862 0.713111 
0.371875 59.690260 0.866410 
0.371875 60.475659 0.640773 
0.371875 61.261057 0.565741 
0.371875 62.046455 0.756132 
0.371875 62.831853 0.904101 
0.371875 63.617251 0.924391 
0.371875 64.402649 0.839772 
0.371875 65.188048 0.675982 
0.371875 65.973446 0.619537 
0.371875 66.758844 0.784720 
0.371875 67.544242 0.781096 
0.371875 68.329640 0.596766 
0.371875 69.115038 0.656822 
0.371875 69.900437 0.841956 
0.371875 70.685835 0.910082 
0.371875 71.471233 0.918572 
0.371875 72.256631 0.907820 
0.371875 73.042029 0.744987 
0.371875 73.827427 0.413347 
0.371875 74.612826 0.413390 
0.371875 75.398224 0.890007 
0.371875 76.183622 0.806120 
0.371875 76.969020 0.332871 
0.371875 77.754418 0.530251 
0.371875 78.539816 0.926350 
0.371875 79.325215 0.980586 
0.371875 80.110613 0.927205 
0.371875 80.896011 0.933467 
0.371875 81.681409 0.794183 
0.371875 82.466807 0.362504 
0.371875 83.252205 0.254666 
0.371875 84.037603 0.840581 
0.371875 84.823002 0.855858 
0.371875 85.608400 0.258775 
0.371875 86.393798 0.363649 
0.371875 87.179196 0.820683 
0.371875 87.964594 0.957149 
0.371875 88.749992 0.936255 
0.371875 89.535391 0.984303 
0.371875 90.320789 0.927345 
0.371875 91.106187 0.513627 
0.371875 91.891585 0.281454 
0.371875 92.676983 0.782016 
0.371875 93.462381 0.922753 
0.371875 94.247780 0.392137 
0.371875 95.033178 0.354752 
0.371875 95.818576 0.731411 
0.371875 96.603974 0.921900 
0.371875 97.389372 0.937820 
0.371875 98.174770 0.956926 
0.371875 98.960169 0.912898 
0.371875 99.745567 0.666063 
0.371875 100.530965 0.523093 

0.387500 0.785398 0.537576 
0.387500 1.570796 0.225134 
0.387500 2.356194 0.604922 
0.387500 3.141593 0.905035 
0.387500 3.926991 0.940746 
0.387500 4.712389 0.963658 
0.387500 5.497787 0.981806 
0.387500 6.283185 0.730182 
0.387500 7.068583 0.393426 
0.387500 7.853982 0.647108 
0.387500 8.639380 0.953204 
0.387500 9.424778 0.620589 
0.387500 10.210176 0.430655 
0.387500 10.995574 0.644623 
0.387500 11.780972 0.825765 
0.387500 12.566371 0.827936 
0.387500 13.351769 0.742379 
0.387500 14.137167 0.709316 
0.387500 14.922565 0.788705 
0.387500 15.707963 0.765906 
0.387500 16.493361 0.629398 
0.387500 17.278760 0.689491 
0.387500 18.064158 0.820391 
0.387500 18.849556 0.849015 
0.387500 19.634954 0.855126 
0.387500 20.420352 0.867530 
0.387500 21.205750 0.750170 
0.387500 21.991149 0.430689 
0.387500 22.776547 0.342528 
0.387500 23.561945 0.825891 
0.387500 24.347343 0.888099 
0.387500 25.132741 0.349234 
0.387500 25.918139 0.430647 
0.387500 26.703538 0.868995 
0.387500 27.488936 0.988532 
0.387500 28.274334 0.952395 
0.387500 29.059732 0.968881 
0.387500 29.845130 0.853919 
0.387500 30.630528 0.418631 
0.387500 31.415927 0.279106 
0.387500 32.201325 0.844249 
0.387500 32.986723 0.866235 
0.387500 33.772121 0.311550 
0.387500 34.557519 0.367325 
0.387500 35.342917 0.745691 
0.387500 36.128316 0.895351 
0.387500 36.913714 0.902576 
0.387500 37.699112 0.930679 
0.387500 38.484510 0.878843 
0.387500 39.269908 0.625345 
0.387500 40.055306 0.545066 
0.387500 40.840704 0.822170 
0.387500 41.626103 0.824535 
0.387500 42.411501 0.603488 
0.387500 43.196899 0.633795 
0.387500 43.982297 0.787899 
0.387500 44.767695 0.832950 
0.387500 45.553093 0.714357 
0.387500 46.338492 0.552407 
0.387500 47.123890 0.653349 
0.387500 47.909288 0.902979 
0.387500 48.694686 0.706423 
0.387500 49.480084 0.485789 
0.387500 50.265482 0.733643 
0.387500 51.050881 0.946488 
0.387500 51.836279 0.934529 
0.387500 52.621677 0.912407 
0.387500 53.407075 0.877044 
0.387500 54.192473 0.612310 
0.387500 54.977871 0.248087 
0.387500 55.763270 0.495472 
0.387500 56.548668 0.995350 
0.387500 57.334066 0.595588 
0.387500 58.119464 0.222422 
0.387500 58.904862 0.600271 
0.387500 59.690260 0.932190 
0.387500 60.475659 0.960238 
0.387500 61.261057 0.969169 
0.387500 62.046455 0.991533 
0.387500 62.831853 0.734197 
0.387500 63.617251 0.322445 
0.387500 64.402649 0.554373 
0.387500 65.188048 0.982576 
0.387500 65.973446 0.623879 
0.387500 66.758844 0.325388 
0.387500 67.544242 0.570801 
0.387500 68.329640 0.817223 
0.387500 69.115038 0.857144 
0.387500 69.900437 0.826199 
0.387500 70.685835 0.818931 
0.387500 71.471233 0.787678 
0.387500 72.256631 0.678955 
0.387500 73.042029 0.660700 
0.387500 73.827427 0.772553 
0.387500 74.612826 0.778527 
0.387500 75.398224 0.745195 
0.387500 76.183622 0.789575 
0.387500 76.969020 0.840717 
0.387500 77.754418 0.761819 
0.387500 78.539816 0.505192 
0.387500 79.325215 0.402037 
0.387500 80.110613 0.793004 
0.387500 80.896011 0.914568 
0.387500 81.681409 0.435674 
0.387500 82.466807 0.454697 
0.387500 83.252205 0.872279 
0.387500 84.037603 0.996038 
0.387500 84.823002 0.944861 
0.387500 85.608400 0.943460 
0.387500 86.393798 0.836383 
0.387500 87.179196 0.422447 
0.387500 87.964594 0.232021 
0.387500 88.749992 0.788171 
0.387500 89.535391 0.911004 
0.387500 90.320789 0.314889 
0.387500 91.106187 0.316385 
0.387500 91.891585 0.743150 
0.387500 92.676983 0.922331 
0.387500 93.462381 0.931051 
0.387500 94.247780 0.977370 
0.387500 95.033178 0.932970 
0.387500 95.818576 0.595710 
0.387500 96.603974 0.436044 
0.387500 97.389372 0.823184 
0.387500 98.174770 0.881818 
0.387500 98.960169 0.526340 
0.387500 99.745567 0.515625 
0.387500 100.530965 0.737214 

0.403125 0.785398 0.538502 
0.403125 1.570796 0.225545 
0.403125 2.356194 0.588367 
0.403125 3.141593 0.877243 
0.403125 3.926991 0.917429 
0.403125 4.712389 0.939858 
0.403125 5.497787 0.948395 
0.403125 6.283185 0.717353 
0.403125 7.068583 0.469185 
0.403125 7.853982 0.720851 
0.403125 8.639380 0.907789 
0.403125 9.424778 0.650151 
0.403125 10.210176 0.552163 
0.403125 10.995574 0.690393 
0.403125 11.780972 0.760794 
0.403125 12.566371 0.639644 
0.403125 13.351769 0.472699 
0.403125 14.137167 0.637301 
0.403125 14.922565 0.943101 
0.403125 15.707963 0.667373 
0.403125 16.493361 0.411126 
0.403125 17.278760 0.729086 
0.403125 18.064158 0.972292 
0.403125 18.849556 0.956930 
0.403125 19.634954 0.938290 
0.403125 20.420352 0.888083 
0.403125 21.205750 0.559517 
0.403125 21.991149 0.217860 
0.403125 22.776547 0.610613 
0.403125 23.561945 0.987264 
0.403125 24.347343 0.471632 
0.403125 25.132741 0.246749 
0.403125 25.918139 0.610150 
0.403125 26.703538 0.854629 
0.403125 27.488936 0.881517 
0.403125 28.274334 0.901173 
0.403125 29.059732 0.908572 
0.403125 29.845130 0.713357 
0.403125 30.630528 0.526137 
0.403125 31.415927 0.740477 
0.403125 32.201325 0.870044 
0.403125 32.986723 0.682463 
0.403125 33.772121 0.629311 
0.403125 34.557519 0.733256 
0.403125 35.342917 0.756223 
0.403125 36.128316 0.582666 
0.403125 36.913714 0.399794 
0.403125 37.699112 0.649048 
0.403125 38.484510 0.968853 
0.403125 39.269908 0.592374 
0.403125 40.055306 0.370525 
0.403125 40.840704 0.753620 
0.403125 41.626103 0.991536 
0.403125 42.411501 0.971993 
0.403125 43.196899 0.963771 
0.403125 43.982297 0.902375 
0.403125 44.767695 0.534592 
0.403125 45.553093 0.232181 
0.403125 46.338492 0.694315 
0.403125 47.123890 0.968934 
0.403125 47.909288 0.427452 
0.403125 48.694686 0.286251 
0.403125 49.480084 0.637742 
0.403125 50.265482 0.840533 
0.403125 51.050881 0.850101 
0.403125 51.836279 0.859072 
0.403125 52.621677 0.874752 
0.403125 53.407075 0.733446 
0.403125 54.192473 0.580901 
0.403125 54.977871 0.735469 
0.403125 55.763270 0.846823 
0.403125 56.548668 0.736812 
0.403125 57.334066 0.706780 
0.403125 58.119464 0.775523 
0.403125 58.904862 0.754602 
0.403125 59.690260 0.526355 
0.403125 60.475659 0.339960 
0.403125 61.261057 0.681831 
0.403125 62.046455 0.977566 
0.403125 62.831853 0.504759 
0.403125 63.617251 0.344799 
0.403125 64.402649 0.773889 
0.403125 65.188048 0.993456 
0.403125 65.973446 0.974130 
0.403125 66.758844 0.980404 
0.403125 67.544242 0.907921 
0.403125 68.329640 0.510830 
0.403125 69.115038 0.265327 
0.403125 69.900437 0.768599 
0.403125 70.685835 0.931046 
0.403125 71.471233 0.400479 
0.403125 72.256631 0.333407 
0.403125 73.042029 0.655420 
0.403125 73.827427 0.813107 
0.403125 74.612826 0.798560 
0.403125 75.398224 0.793789 
0.403125 76.183622 0.838349 
0.403125 76.969020 0.762677 
0.403125 77.754418 0.607164 
0.403125 78.539816 0.700426 
0.403125 79.325215 0.834804 
0.403125 80.110613 0.794802 
0.403125 80.896011 0.769054 
0.403125 81.681409 0.805581 
0.403125 82.466807 0.744800 
0.403125 83.252205 0.465187 
0.403125 84.037603 0.294953 
0.403125 84.823002 0.726791 
0.403125 85.608400 0.960192 
0.403125 86.393798 0.415542 
0.403125 87.179196 0.338144 
0.403125 87.964594 0.790844 
0.403125 88.749992 0.985769 
0.403125 89.535391 0.971876 
0.403125 90.320789 0.993797 
0.403125 91.106187 0.907684 
0.403125 91.891585 0.493155 
0.403125 92.676983 0.319977 
0.403125 93.462381 0.837037 
0.403125 94.247780 0.892011 
0.403125 95.033178 0.401045 
0.403125 95.818576 0.394940 
0.403125 96.603974 0.680416 
0.403125 97.389372 0.793443 
0.403125 98.174770 0.746476 
0.403125 98.960169 0.726718 
0.403125 99.745567 0.821465 
0.403125 100.530965 0.806707 

0.418750 0.785398 0.539464 
0.418750 1.570796 0.226061 
0.418750 2.356194 0.571418 
0.418750 3.141593 0.845527 
0.418750 3.926991 0.881305 
0.418750 4.712389 0.894874 
0.418750 5.497787 0.904674 
0.418750 6.283185 0.723230 
0.418750 7.068583 0.541481 
0.418750 7.853982 0.741397 
0.418750 8.639380 0.868799 
0.418750 9.424778 0.716000 
0.418750 10.210176 0.668733 
0.418750 10.995574 0.738856 
0.418750 11.780972 0.697669 
0.418750 12.566371 0.441374 
0.418750 13.351769 0.320016 
0.418750 14.137167 0.768720 
0.418750 14.922565 0.939532 
0.418750 15.707963 0.389698 
0.418750 16.493361 0.368065 
0.418750 17.278760 0.805756 
0.418750 18.064158 0.978669 
0.418750 18.849556 0.977710 
0.418750 19.634954 0.996449 
0.418750 20.420352 0.854520 
0.418750 21.205750 0.447769 
0.418750 21.991149 0.451726 
0.418750 22.776547 0.923591 
0.418750 23.561945 0.788762 
0.418750 24.347343 0.425039 
0.418750 25.132741 0.501351 
0.418750 25.918139 0.684105 
0.418750 26.703538 0.671957 
0.418750 27.488936 0.532136 
0.418750 28.274334 0.587553 
0.418750 29.059732 0.895903 
0.418750 29.845130 0.787500 
0.418750 30.630528 0.437986 
0.418750 31.415927 0.637921 
0.418750 32.201325 0.938536 
0.418750 32.986723 0.967866 
0.418750 33.772121 0.946345 
0.418750 34.557519 0.913238 
0.418750 35.342917 0.626195 
0.418750 36.128316 0.241127 
0.418750 36.913714 0.543976 
0.418750 37.699112 0.997046 
0.418750 38.484510 0.557273 
0.418750 39.269908 0.250418 
0.418750 40.055306 0.536884 
0.418750 40.840704 0.775228 
0.418750 41.626103 0.790371 
0.418750 42.411501 0.773785 
0.418750 43.196899 0.835002 
0.418750 43.982297 0.809189 
0.418750 44.767695 0.618271 
0.418750 45.553093 0.651409 
0.418750 46.338492 0.835517 
0.418750 47.123890 0.839213 
0.418750 47.909288 0.799777 
0.418750 48.694686 0.818441 
0.418750 49.480084 0.740750 
0.418750 50.265482 0.421741 
0.418750 51.050881 0.253707 
0.418750 51.836279 0.754290 
0.418750 52.621677 0.941456 
0.418750 53.407075 0.355495 
0.418750 54.192473 0.314923 
0.418750 54.977871 0.741766 
0.418750 55.763270 0.927986 
0.418750 56.548668 0.938993 
0.418750 57.334066 0.968600 
0.418750 58.119464 0.878400 
0.418750 58.904862 0.551159 
0.418750 59.690260 0.523514 
0.418750 60.475659 0.881069 
0.418750 61.261057 0.816262 
0.418750 62.046455 0.564339 
0.418750 62.831853 0.599132 
0.418750 63.617251 0.708215 
0.418750 64.402649 0.636431 
0.418750 65.188048 0.416786 
0.418750 65.973446 0.476109 
0.418750 66.758844 0.916315 
0.418750 67.544242 0.799620 
0.418750 68.329640 0.339387 
0.418750 69.115038 0.559103 
0.418750 69.900437 0.932516 
0.418750 70.685835 0.994928 
0.418750 71.471233 0.983477 
0.418750 72.256631 0.969100 
0.418750 73.042029 0.693227 
0.418750 73.827427 0.296610 
0.418750 74.612826 0.570919 
0.418750 75.398224 0.988753 
0.418750 76.183622 0.600745 
0.418750 76.969020 0.319768 
0.418750 77.754418 0.536475 
0.418750 78.539816 0.720740 
0.418750 79.325215 0.691608 
0.418750 80.110613 0.623440 
0.418750 80.896011 0.748101 
0.418750 81.681409 0.889504 
0.418750 82.466807 0.651198 
0.418750 83.252205 0.529870 
0.418750 84.037603 0.795121 
0.418750 84.823002 0.932811 
0.418750 85.608400 0.902995 
0.418750 86.393798 0.894852 
0.418750 87.179196 0.804458 
0.418750 87.964594 0.441404 
0.418750 88.749992 0.226748 
0.418750 89.535391 0.744699 
0.418750 90.320789 0.939183 
0.418750 91.106187 0.356312 
0.418750 91.891585 0.290317 
0.418750 92.676983 0.672647 
0.418750 93.462381 0.851606 
0.418750 94.247780 0.856118 
0.418750 95.033178 0.882113 
0.418750 95.818576 0.872446 
0.418750 96.603974 0.668222 
0.418750 97.389372 0.573510 
0.418750 98.174770 0.798102 
0.418750 98.960169 0.844880 
0.418750 99.745567 0.717292 
0.418750 100.530965 0.714974 

0.434375 0.785398 0.540461 
0.434375 1.570796 0.226691 
0.434375 2.356194 0.554141 
0.434375 3.141593 0.810050 
0.434375 3.926991 0.833145 
0.434375 4.712389 0.833594 
0.434375 5.497787 0.863106 
0.434375 6.283185 0.748183 
0.434375 7.068583 0.590371 
0.434375 7.853982 0.722141 
0.434375 8.639380 0.850757 
0.434375 9.424778 0.797818 
0.434375 10.210176 0.779828 
0.434375 10.995574 0.798094 
0.434375 11.780972 0.645051 
0.434375 12.566371 0.295199 
0.434375 13.351769 0.359152 
0.434375 14.137167 0.934743 
0.434375 14.922565 0.754130 
0.434375 15.707963 0.234372 
0.434375 16.493361 0.436527 
0.434375 17.278760 0.787388 
0.434375 18.064158 0.872202 
0.434375 18.849556 0.870401 
0.434375 19.634954 0.890139 
0.434375 20.420352 0.781077 
0.434375 21.205750 0.578601 
0.434375 21.991149 0.680316 
0.434375 22.776547 0.856099 
0.434375 23.561945 0.779093 
0.434375 24.347343 0.718926 
0.434375 25.132741 0.759061 
0.434375 25.918139 0.698412 
0.434375 26.703538 0.400549 
0.434375 27.488936 0.262333 
0.434375 28.274334 0.770767 
0.434375 29.059732 0.926830 
0.434375 29.845130 0.341721 
0.434375 30.630528 0.322215 
0.434375 31.415927 0.729147 
0.434375 32.201325 0.898453 
0.434375 32.986723 0.905450 
0.434375 33.772121 0.922945 
0.434375 34.557519 0.833456 
0.434375 35.342917 0.580215 
0.434375 36.128316 0.609577 
0.434375 36.913714 0.862158 
0.434375 37.699112 0.796418 
0.434375 38.484510 0.664948 
0.434375 39.269908 0.702285 
0.434375 40.055306 0.717983 
0.434375 40.840704 0.508986 
0.434375 41.626103 0.259515 
0.434375 42.411501 0.577691 
0.434375 43.196899 0.997486 
0.434375 43.982297 0.534786 
0.434375 44.767695 0.251165 
0.434375 45.553093 0.634368 
0.434375 46.338492 0.906661 
0.434375 47.123890 0.938349 
0.434375 47.909288 0.952351 
0.434375 48.694686 0.897301 
0.434375 49.480084 0.619433 
0.434375 50.265482 0.521147 
0.434375 51.050881 0.831395 
0.434375 51.836279 0.851007 
0.434375 52.621677 0.634927 
0.434375 53.407075 0.630646 
0.434375 54.192473 0.704818 
0.434375 54.977871 0.596510 
0.434375 55.763270 0.326181 
0.434375 56.548668 0.422718 
0.434375 57.334066 0.943866 
0.434375 58.119464 0.754715 
0.434375 58.904862 0.262779 
0.434375 59.690260 0.511735 
0.434375 60.475659 0.882452 
0.434375 61.261057 0.963024 
0.434375 62.046455 0.970899 
0.434375 62.831853 0.951883 
0.434375 63.617251 0.697496 
0.434375 64.402649 0.451116 
0.434375 65.188048 0.734285 
0.434375 65.973446 0.915586 
0.434375 66.758844 0.648960 
0.434375 67.544242 0.551757 
0.434375 68.329640 0.657823 
0.434375 69.115038 0.648369 
0.434375 69.900437 0.424126 
0.434375 70.685835 0.346580 
0.434375 71.471233 0.800304 
0.434375 72.256631 0.921817 
0.434375 73.042029 0.373964 
0.434375 73.827427 0.393524 
0.434375 74.612826 0.818401 
0.434375 75.398224 0.975262 
0.434375 76.183622 0.980455 
0.434375 76.969020 0.984073 
0.434375 77.754418 0.793688 
0.434375 78.539816 0.438818 
0.434375 79.325215 0.582927 
0.434375 80.110613 0.943065 
0.434375 80.896011 0.720925 
0.434375 81.681409 0.488798 
0.434375 82.466807 0.584150 
0.434375 83.252205 0.663779 
0.434375 84.037603 0.522027 
0.434375 84.823002 0.353555 
0.434375 85.608400 0.639348 
0.434375 86.393798 0.983774 
0.434375 87.179196 0.560244 
0.434375 87.964594 0.325314 
0.434375 88.749992 0.719940 
0.434375 89.535391 0.972839 
0.434375 90.320789 0.990033 
0.434375 91.106187 0.997501 
0.434375 91.891585 0.883034 
0.434375 92.676983 0.498062 
0.434375 93.462381 0.429274 
0.434375 94.247780 0.889889 
0.434375 95.033178 0.838049 
0.434375 95.818576 0.472686 
0.434375 96.603974 0.495309 
0.434375 97.389372 0.646789 
0.434375 98.174770 0.602324 
0.434375 98.960169 0.419743 
0.434375 99.745567 0.523905 
0.434375 100.530965 0.939304 

0.450000 0.785398 0.541494 
0.450000 1.570796 0.227444 
0.450000 2.356194 0.536608 
0.450000 3.141593 0.771065 
0.450000 3.926991 0.774312 
0.450000 4.712389 0.762428 
0.450000 5.497787 0.834035 
0.450000 6.283185 0.784346 
0.450000 7.068583 0.604404 
0.450000 7.853982 0.683100 
0.450000 8.639380 0.852502 
0.450000 9.424778 0.878043 
0.450000 10.210176 0.880469 
0.450000 10.995574 0.852564 
0.450000 11.780972 0.586251 
0.450000 12.566371 0.237782 
0.450000 13.351769 0.553796 
0.450000 14.137167 0.998024 
0.450000 14.922565 0.549648 
0.450000 15.707963 0.251141 
0.450000 16.493361 0.507544 
0.450000 17.278760 0.694024 
0.450000 18.064158 0.655248 
0.450000 18.849556 0.627550 
0.450000 19.634954 0.812041 
0.450000 20.420352 0.864297 
0.450000 21.205750 0.562440 
0.450000 21.991149 0.577587 
0.450000 22.776547 0.859261 
0.450000 23.561945 0.956777 
0.450000 24.347343 0.957255 
0.450000 25.132741 0.921302 
0.450000 25.918139 0.643401 
0.450000 26.703538 0.279825 
0.450000 27.488936 0.585684 
0.450000 28.274334 0.990893 
0.450000 29.059732 0.578129 
0.450000 29.845130 0.312049 
0.450000 30.630528 0.511773 
0.450000 31.415927 0.639916 
0.450000 32.201325 0.544867 
0.450000 32.986723 0.496132 
0.450000 33.772121 0.793867 
0.450000 34.557519 0.915139 
0.450000 35.342917 0.495895 
0.450000 36.128316 0.482778 
0.450000 36.913714 0.847475 
0.450000 37.699112 0.991295 
0.450000 38.484510 0.995705 
0.450000 39.269908 0.963771 
0.450000 40.055306 0.699006 
0.450000 40.840704 0.352288 
0.450000 41.626103 0.628778 
0.450000 42.411501 0.972387 
0.450000 43.196899 0.626274 
0.450000 43.982297 0.410073 
0.450000 44.767695 0.554369 
0.450000 45.553093 0.620005 
0.450000 46.338492 0.459859 
0.450000 47.123890 0.384916 
0.450000 47.909288 0.781219 
0.450000 48.694686 0.937843 
0.450000 49.480084 0.426266 
0.450000 50.265482 0.404529 
0.450000 51.050881 0.811783 
0.450000 51.836279 0.979167 
0.450000 52.621677 0.987838 
0.450000 53.407075 0.966950 
0.450000 54.192473 0.747612 
0.450000 54.977871 0.450218 
0.450000 55.763270 0.663450 
0.450000 56.548668 0.933134 
0.450000 57.334066 0.690443 
0.450000 58.119464 0.536863 
0.450000 58.904862 0.629697 
0.450000 59.690260 0.635637 
0.450000 60.475659 0.408927 
0.450000 61.261057 0.302704 
0.450000 62.046455 0.771650 
0.450000 62.831853 0.938575 
0.450000 63.617251 0.371233 
0.450000 64.402649 0.344647 
0.450000 65.188048 0.753279 
0.450000 65.973446 0.923522 
0.450000 66.758844 0.929378 
0.450000 67.544242 0.923511 
0.450000 68.329640 0.787864 
0.450000 69.115038 0.560082 
0.450000 69.900437 0.667436 
0.450000 70.685835 0.871535 
0.450000 71.471233 0.763767 
0.450000 72.256631 0.675595 
0.450000 73.042029 0.724841 
0.450000 73.827427 0.681620 
0.450000 74.612826 0.394431 
0.450000 75.398224 0.253793 
0.450000 76.183622 0.766268 
0.450000 76.969020 0.929399 
0.450000 77.754418 0.342866 
0.450000 78.539816 0.306943 
0.450000 79.325215 0.684698 
0.450000 80.110613 0.839061 
0.450000 80.896011 0.828786 
0.450000 81.681409 0.840623 
0.450000 82.466807 0.823705 
0.450000 83.252205 0.663273 
0.450000 84.037603 0.630611 
0.450000 84.823002 0.797739 
0.450000 85.608400 0.837360 
0.450000 86.393798 0.807776 
0.450000 87.179196 0.825922 
0.450000 87.964594 0.749353 
0.450000 88.749992 0.413144 
0.450000 89.535391 0.240245 
0.450000 90.320789 0.771397 
0.450000 91.106187 0.922920 
0.450000 91.891585 0.346730 
0.450000 92.676983 0.297916 
0.450000 93.462381 0.625053 
0.450000 94.247780 0.746812 
0.450000 95.033178 0.703719 
0.450000 95.818576 0.735582 
0.450000 96.603974 0.859976 
0.450000 97.389372 0.743188 
0.450000 98.174770 0.557694 
0.450000 98.960169 0.722614 
0.450000 99.745567 0.898749 
0.450000 100.530965 0.916339 

0.465625 0.785398 0.542562 
0.465625 1.570796 0.228330 
0.465625 2.356194 0.518899 
0.465625 3.141593 0.728915 
0.465625 3.926991 0.706706 
0.465625 4.712389 0.688524 
0.465625 5.497787 0.823686 
0.465625 6.283185 0.819371 
0.465625 7.068583 0.583211 
0.465625 7.853982 0.640934 
0.465625 8.639380 0.863383 
0.465625 9.424778 0.941436 
0.465625 10.210176 0.952662 
0.465625 10.995574 0.864303 
0.465625 11.780972 0.510658 
0.465625 12.566371 0.311678 
0.465625 13.351769 0.796253 
0.465625 14.137167 0.920512 
0.465625 14.922565 0.448876 
0.465625 15.707963 0.378606 
0.465625 16.493361 0.564791 
0.465625 17.278760 0.559566 
0.465625 18.064158 0.392089 
0.465625 18.849556 0.514937 
0.465625 19.634954 0.948992 
0.465625 20.420352 0.739273 
0.465625 21.205750 0.320780 
0.465625 21.991149 0.578590 
0.465625 22.776547 0.902341 
0.465625 23.561945 0.969925 
0.465625 24.347343 0.956467 
0.465625 25.132741 0.844422 
0.465625 25.918139 0.581940 
0.465625 26.703538 0.582712 
0.465625 27.488936 0.861293 
0.465625 28.274334 0.800492 
0.465625 29.059732 0.637710 
0.465625 29.845130 0.672512 
0.465625 30.630528 0.691486 
0.465625 31.415927 0.467650 
0.465625 32.201325 0.227035 
0.465625 32.986723 0.616016 
0.465625 33.772121 0.990371 
0.465625 34.557519 0.470350 
0.465625 35.342917 0.242819 
0.465625 36.128316 0.571783 
0.465625 36.913714 0.762985 
0.465625 37.699112 0.739830 
0.465625 38.484510 0.734078 
0.465625 39.269908 0.830067 
0.465625 40.055306 0.771026 
0.465625 40.840704 0.594147 
0.465625 41.626103 0.695311 
0.465625 42.411501 0.868196 
0.465625 43.196899 0.917560 
0.465625 43.982297 0.927874 
0.465625 44.767695 0.816583 
0.465625 45.553093 0.442262 
0.465625 46.338492 0.316856 
0.465625 47.123890 0.851224 
0.465625 47.909288 0.877842 
0.465625 48.694686 0.387006 
0.465625 49.480084 0.375734 
0.465625 50.265482 0.575950 
0.465625 51.050881 0.560621 
0.465625 51.836279 0.416135 
0.465625 52.621677 0.583044 
0.465625 53.407075 0.964018 
0.465625 54.192473 0.685966 
0.465625 54.977871 0.345688 
0.465625 55.763270 0.646811 
0.465625 56.548668 0.935431 
0.465625 57.334066 0.985648 
0.465625 58.119464 0.967367 
0.465625 58.904862 0.815447 
0.465625 59.690260 0.524406 
0.465625 60.475659 0.597858 
0.465625 61.261057 0.900566 
0.465625 62.046455 0.767341 
0.465625 62.831853 0.589820 
0.465625 63.617251 0.645625 
0.465625 64.402649 0.659432 
0.465625 65.188048 0.425320 
0.465625 65.973446 0.241942 
0.465625 66.758844 0.692532 
0.465625 67.544242 0.970642 
0.465625 68.329640 0.408053 
0.465625 69.115038 0.271892 
0.465625 69.900437 0.628494 
0.465625 70.685835 0.799108 
0.465625 71.471233 0.776500 
0.465625 72.256631 0.776370 
0.465625 73.042029 0.824850 
0.465625 73.827427 0.726184 
0.465625 74.612826 0.617516 
0.465625 75.398224 0.742677 
0.465625 76.183622 0.861879 
0.465625 76.969020 0.890311 
0.465625 77.754418 0.900541 
0.465625 78.539816 0.764709 
0.465625 79.325215 0.379680 
0.465625 80.110613 0.337632 
0.465625 80.896011 0.900285 
0.465625 81.681409 0.822318 
0.465625 82.466807 0.332412 
0.465625 83.252205 0.382249 
0.465625 84.037603 0.590086 
0.465625 84.823002 0.565645 
0.465625 85.608400 0.447399 
0.465625 86.393798 0.647256 
0.465625 87.179196 0.962291 
0.465625 87.964594 0.635591 
0.465625 88.749992 0.381010 
0.465625 89.535391 0.707930 
0.465625 90.320789 0.956377 
0.465625 91.106187 0.991950 
0.465625 91.891585 0.966578 
0.465625 92.676983 0.773260 
0.465625 93.462381 0.468693 
0.465625 94.247780 0.621779 
0.465625 95.033178 0.927251 
0.465625 95.818576 0.721109 
0.465625 96.603974 0.542123 
0.465625 97.389372 0.619919 
0.465625 98.174770 0.626428 
0.465625 98.960169 0.388645 
0.465625 99.745567 0.269481 
0.465625 100.530965 0.763368 

0.481250 0.785398 0.543666 
0.481250 1.570796 0.229357 
0.481250 2.356194 0.501099 
0.481250 3.141593 0.684028 
0.481250 3.926991 0.632667 
0.481250 4.712389 0.618916 
0.481250 5.497787 0.833337 
0.481250 6.283185 0.841017 
0.481250 7.068583 0.535111 
0.481250 7.853982 0.604098 
0.481250 8.639380 0.869663 
0.481250 9.424778 0.971892 
0.481250 10.210176 0.966647 
0.481250 10.995574 0.803022 
0.481250 11.780972 0.465937 
0.481250 12.566371 0.522284 
0.481250 13.351769 0.928002 
0.481250 14.137167 0.769841 
0.481250 14.922565 0.491228 
0.481250 15.707963 0.552512 
0.481250 16.493361 0.608418 
0.481250 17.278760 0.412912 
0.481250 18.064158 0.253521 
0.481250 18.849556 0.697247 
0.481250 19.634954 0.969287 
0.481250 20.420352 0.410636 
0.481250 21.205750 0.277248 
0.481250 21.991149 0.620167 
0.481250 22.776547 0.772887 
0.481250 23.561945 0.730917 
0.481250 24.347343 0.728060 
0.481250 25.132741 0.822480 
0.481250 25.918139 0.749524 
0.481250 26.703538 0.605326 
0.481250 27.488936 0.717433 
0.481250 28.274334 0.873434 
0.481250 29.059732 0.933298 
0.481250 29.845130 0.915732 
0.481250 30.630528 0.684746 
0.481250 31.415927 0.340671 
0.481250 32.201325 0.572918 
0.481250 32.986723 0.979899 
0.481250 33.772121 0.647021 
0.481250 34.557519 0.379898 
0.481250 35.342917 0.509239 
0.481250 36.128316 0.562093 
0.481250 36.913714 0.375969 
0.481250 37.699112 0.344434 
0.481250 38.484510 0.835098 
0.481250 39.269908 0.889849 
0.481250 40.055306 0.333370 
0.481250 40.840704 0.386564 
0.481250 41.626103 0.747876 
0.481250 42.411501 0.862160 
0.481250 43.196899 0.827922 
0.481250 43.982297 0.790827 
0.481250 44.767695 0.746967 
0.481250 45.553093 0.688973 
0.481250 46.338492 0.712110 
0.481250 47.123890 0.777153 
0.481250 47.909288 0.820855 
0.481250 48.694686 0.864435 
0.481250 49.480084 0.829796 
0.481250 50.265482 0.541668 
0.481250 51.050881 0.265417 
0.481250 51.836279 0.676289 
0.481250 52.621677 0.976544 
0.481250 53.407075 0.496404 
0.481250 54.192473 0.315136 
0.481250 54.977871 0.513193 
0.481250 55.763270 0.555880 
0.481250 56.548668 0.399317 
0.481250 57.334066 0.479367 
0.481250 58.119464 0.925940 
0.481250 58.904862 0.787642 
0.481250 59.690260 0.329612 
0.481250 60.475659 0.529829 
0.481250 61.261057 0.858651 
0.481250 62.046455 0.935356 
0.481250 62.831853 0.899878 
0.481250 63.617251 0.788686 
0.481250 64.402649 0.632522 
0.481250 65.188048 0.679209 
0.481250 65.973446 0.818564 
0.481250 66.758844 0.766515 
0.481250 67.544242 0.727191 
0.481250 68.329640 0.778163 
0.481250 69.115038 0.721431 
0.481250 69.900437 0.404074 
0.481250 70.685835 0.261608 
0.481250 71.471233 0.801243 
0.481250 72.256631 0.908414 
0.481250 73.042029 0.354046 
0.481250 73.827427 0.311829 
0.481250 74.612826 0.559881 
0.481250 75.398224 0.588111 
0.481250 76.183622 0.474580 
0.481250 76.969020 0.621585 
0.481250 77.754418 0.948510 
0.481250 78.539816 0.691104 
0.481250 79.325215 0.395070 
0.481250 80.110613 0.670900 
0.481250 80.896011 0.929593 
0.481250 81.681409 0.975926 
0.481250 82.466807 0.924927 
0.481250 83.252205 0.717837 
0.481250 84.037603 0.512892 
0.481250 84.823002 0.720822 
0.481250 85.608400 0.887443 
0.481250 86.393798 0.688262 
0.481250 87.179196 0.615817 
0.481250 87.964594 0.689417 
0.481250 88.749992 0.608479 
0.481250 89.535391 0.301736 
0.481250 90.320789 0.331538 
0.481250 91.106187 0.912207 
0.481250 91.891585 0.788187 
0.481250 92.676983 0.255737 
0.481250 93.462381 0.371592 
0.481250 94.247780 0.639705 
0.481250 95.033178 0.653455 
0.481250 95.818576 0.583673 
0.481250 96.603974 0.734604 
0.481250 97.389372 0.904962 
0.481250 98.174770 0.631665 
0.481250 98.960169 0.510151 
0.481250 99.745567 0.778638 
0.481250 100.530965 0.952293 

0.496875 0.785398 0.544805 
0.496875 1.570796 0.230535 
0.496875 2.356194 0.483296 
0.496875 3.141593 0.636906 
0.496875 3.926991 0.554847 
0.496875 4.712389 0.559712 
0.496875 5.497787 0.859714 
0.496875 6.283185 0.840818 
0.496875 7.068583 0.472259 
0.496875 7.853982 0.573131 
0.496875 8.639380 0.858205 
0.496875 9.424778 0.951689 
0.496875 10.210176 0.896512 
0.496875 10.995574 0.691650 
0.496875 11.780972 0.533151 
0.496875 12.566371 0.752794 
0.496875 13.351769 0.868040 
0.496875 14.137167 0.666445 
0.496875 14.922565 0.628656 
0.496875 15.707963 0.706445 
0.496875 16.493361 0.600474 
0.496875 17.278760 0.284919 
0.496875 18.064158 0.384583 
0.496875 18.849556 0.954219 
0.496875 19.634954 0.728610 
0.496875 20.420352 0.257648 
0.496875 21.205750 0.389477 
0.496875 21.991149 0.576004 
0.496875 22.776547 0.504302 
0.496875 23.561945 0.441136 
0.496875 24.347343 0.772948 
0.496875 25.132741 0.934305 
0.496875 25.918139 0.480886 
0.496875 26.703538 0.433099 
0.496875 27.488936 0.768737 
0.496875 28.274334 0.917819 
0.496875 29.059732 0.886912 
0.496875 29.845130 0.757308 
0.496875 30.630528 0.628078 
0.496875 31.415927 0.711790 
0.496875 32.201325 0.814266 
0.496875 32.986723 0.726861 
0.496875 33.772121 0.707905 
0.496875 34.557519 0.778095 
0.496875 35.342917 0.719451 
0.496875 36.128316 0.402887 
0.496875 36.913714 0.294251 
0.496875 37.699112 0.836506 
0.496875 38.484510 0.883873 
0.496875 39.269908 0.362238 
0.496875 40.055306 0.341084 
0.496875 40.840704 0.532949 
0.496875 41.626103 0.488094 
0.496875 42.411501 0.349056 
0.496875 43.196899 0.625185 
0.496875 43.982297 0.986959 
0.496875 44.767695 0.569047 
0.496875 45.553093 0.315667 
0.496875 46.338492 0.638969 
0.496875 47.123890 0.854657 
0.496875 47.909288 0.843681 
0.496875 48.694686 0.761246 
0.496875 49.480084 0.712263 
0.496875 50.265482 0.734480 
0.496875 51.050881 0.739270 
0.496875 51.836279 0.722033 
0.496875 52.621677 0.769708 
0.496875 53.407075 0.845383 
0.496875 54.192473 0.824177 
0.496875 54.977871 0.552859 
0.496875 55.763270 0.294824 
0.496875 56.548668 0.692340 
0.496875 57.334066 0.970184 
0.496875 58.119464 0.516716 
0.496875 58.904862 0.350665 
0.496875 59.690260 0.514888 
0.496875 60.475659 0.507117 
0.496875 61.261057 0.310424 
0.496875 62.046455 0.455577 
0.496875 62.831853 0.963156 
0.496875 63.617251 0.713532 
0.496875 64.402649 0.261620 
0.496875 65.188048 0.489391 
0.496875 65.973446 0.765286 
0.496875 66.758844 0.780441 
0.496875 67.544242 0.712023 
0.496875 68.329640 0.746270 
0.496875 69.115038 0.802851 
0.496875 69.900437 0.687687 
0.496875 70.685835 0.653730 
0.496875 71.471233 0.788126 
0.496875 72.256631 0.895789 
0.496875 73.042029 0.901327 
0.496875 73.827427 0.698201 
0.496875 74.612826 0.376134 
0.496875 75.398224 0.572123 
0.496875 76.183622 0.970455 
0.496875 76.969020 0.675777 
0.496875 77.754418 0.415702 
0.496875 78.539816 0.525284 
0.496875 79.325215 0.553883 
0.496875 80.110613 0.334670 
0.496875 80.896011 0.310857 
0.496875 81.681409 0.852694 
0.496875 82.466807 0.864955 
0.496875 83.252205 0.295656 
0.496875 84.037603 0.350728 
0.496875 84.823002 0.656207 
0.496875 85.608400 0.708655 
0.496875 86.393798 0.630634 
0.496875 87.179196 0.710042 
0.496875 87.964594 0.873984 
0.496875 88.749992 0.692056 
0.496875 89.535391 0.549676 
0.496875 90.320789 0.746035 
0.496875 91.106187 0.915229 
0.496875 91.891585 0.943343 
0.496875 92.676983 0.807888 
0.496875 93.462381 0.503282 
0.496875 94.247780 0.515552 
0.496875 95.033178 0.902552 
0.496875 95.818576 0.793435 
0.496875 96.603974 0.518133 
0.496875 97.389372 0.565512 
0.496875 98.174770 0.619378 
0.496875 98.960169 0.415033 
0.496875 99.745567 0.232143 
0.496875 100.530965 0.682220 

0.512500 0.785398 0.545979 
0.512500 1.570796 0.231874 
0.512500 2.356194 0.465584 
0.512500 3.141593 0.588120 
0.512500 3.926991 0.476057 
0.512500 4.712389 0.515462 
0.512500 5.497787 0.896306 
0.512500 6.283185 0.815806 
0.512500 7.068583 0.406072 
0.512500 7.853982 0.543655 
0.512500 8.639380 0.818084 
0.512500 9.424778 0.866064 
0.512500 10.210176 0.745955 
0.512500 10.995574 0.614647 
0.512500 11.780972 0.714902 
0.512500 12.566371 0.832350 
0.512500 13.351769 0.697490 
0.512500 14.137167 0.658138 
0.512500 14.922565 0.760266 
0.512500 15.707963 0.754918 
0.512500 16.493361 0.488231 
0.512500 17.278760 0.298041 
0.512500 18.064158 0.754942 
0.512500 18.849556 0.943838 
0.512500 19.634954 0.459425 
0.512500 20.420352 0.351816 
0.512500 21.205750 0.512662 
0.512500 21.991149 0.457744 
0.512500 22.776547 0.267945 
0.512500 23.561945 0.538758 
0.512500 24.347343 0.996302 
0.512500 25.132741 0.583429 
0.512500 25.918139 0.245684 
0.512500 26.703538 0.511137 
0.512500 27.488936 0.693796 
0.512500 28.274334 0.626858 
0.512500 29.059732 0.587895 
0.512500 29.845130 0.811716 
0.512500 30.630528 0.846115 
0.512500 31.415927 0.552648 
0.512500 32.201325 0.592254 
0.512500 32.986723 0.819627 
0.512500 33.772121 0.899692 
0.512500 34.557519 0.786646 
0.512500 35.342917 0.536262 
0.512500 36.128316 0.563952 
0.512500 36.913714 0.888623 
0.512500 37.699112 0.775510 
0.512500 38.484510 0.550470 
0.512500 39.269908 0.614586 
0.512500 40.055306 0.658364 
0.512500 40.840704 0.435720 
0.512500 41.626103 0.240706 
0.512500 42.411501 0.699190 
0.512500 43.196899 0.965034 
0.512500 43.982297 0.429148 
0.512500 44.767695 0.276722 
0.512500 45.553093 0.491240 
0.512500 46.338492 0.504995 
0.512500 47.123890 0.355758 
0.512500 47.909288 0.553767 
0.512500 48.694686 0.978689 
0.512500 49.480084 0.654477 
0.512500 50.265482 0.307821 
0.512500 51.050881 0.569376 
0.512500 51.836279 0.794825 
0.512500 52.621677 0.770405 
0.512500 53.407075 0.664143 
0.512500 54.192473 0.701760 
0.512500 54.977871 0.818990 
0.512500 55.763270 0.711876 
0.512500 56.548668 0.637265 
0.512500 57.334066 0.757155 
0.512500 58.119464 0.855085 
0.512500 58.904862 0.770439 
0.512500 59.690260 0.467148 
0.512500 60.475659 0.422384 
0.512500 61.261057 0.887369 
0.512500 62.046455 0.837649 
0.512500 62.831853 0.451513 
0.512500 63.617251 0.471608 
0.512500 64.402649 0.569551 
0.512500 65.188048 0.408363 
0.512500 65.973446 0.236105 
0.512500 66.758844 0.667594 
0.512500 67.544242 0.978667 
0.512500 68.329640 0.433166 
0.512500 69.115038 0.254871 
0.512500 69.900437 0.522927 
0.512500 70.685835 0.602756 
0.512500 71.471233 0.487638 
0.512500 72.256631 0.583925 
0.512500 73.042029 0.928271 
0.512500 73.827427 0.740936 
0.512500 74.612826 0.415220 
0.512500 75.398224 0.616560 
0.512500 76.183622 0.852873 
0.512500 76.969020 0.868408 
0.512500 77.754418 0.723202 
0.512500 78.539816 0.586440 
0.512500 79.325215 0.728281 
0.512500 80.110613 0.845425 
0.512500 80.896011 0.681966 
0.512500 81.681409 0.646707 
0.512500 82.466807 0.746363 
0.512500 83.252205 0.705697 
0.512500 84.037603 0.408072 
0.512500 84.823002 0.319733 
0.512500 85.608400 0.851421 
0.512500 86.393798 0.876134 
0.512500 87.179196 0.377750 
0.512500 87.964594 0.362580 
0.512500 88.749992 0.519037 
0.512500 89.535391 0.425568 
0.512500 90.320789 0.281477 
0.512500 91.106187 0.654854 
0.512500 91.891585 0.987656 
0.512500 92.676983 0.477388 
0.512500 93.462381 0.278759 
0.512500 94.247780 0.583711 
0.512500 95.033178 0.721823 
0.512500 95.818576 0.638982 
0.512500 96.603974 0.623022 
0.512500 97.389372 0.831562 
0.512500 98.174770 0.804093 
0.512500 98.960169 0.557755 
0.512500 99.745567 0.642506 
0.512500 100.530965 0.842019 

0.528125 0.785398 0.547188 
0.528125 1.570796 0.233382 
0.528125 2.356194 0.448061 
0.528125 3.141593 0.538292 
0.528125 3.926991 0.399102 
0.528125 4.712389 0.488769 
0.528125 5.497787 0.935156 
0.528125 6.283185 0.768272 
0.528125 7.068583 0.344523 
0.528125 7.853982 0.509713 
0.528125 8.639380 0.741872 
0.528125 9.424778 0.712692 
0.528125 10.210176 0.565289 
0.528125 10.995574 0.653685 
0.528125 11.780972 0.886836 
0.528125 12.566371 0.709305 
0.528125 13.351769 0.547074 
0.528125 14.137167 0.686709 
0.528125 14.922565 0.780361 
0.528125 15.707963 0.625978 
0.528125 16.493361 0.371893 
0.528125 17.278760 0.608357 
0.528125 18.064158 0.972116 
0.528125 18.849556 0.636733 
0.528125 19.634954 0.405534 
0.528125 20.420352 0.532333 
0.528125 21.205750 0.529224 
0.528125 21.991149 0.285253 
0.528125 22.776547 0.358100 
0.528125 23.561945 0.931362 
0.528125 24.347343 0.764674 
0.528125 25.132741 0.260662 
0.528125 25.918139 0.358220 
0.528125 26.703538 0.524678 
0.528125 27.488936 0.420925 
0.528125 28.274334 0.373680 
0.528125 29.059732 0.806175 
0.528125 29.845130 0.916165 
0.528125 30.630528 0.400266 
0.528125 31.415927 0.388562 
0.528125 32.201325 0.670764 
0.528125 32.986723 0.719051 
0.528125 33.772121 0.582344 
0.528125 34.557519 0.601706 
0.528125 35.342917 0.866330 
0.528125 36.128316 0.772428 
0.528125 36.913714 0.534165 
0.528125 37.699112 0.642225 
0.528125 38.484510 0.789487 
0.528125 39.269908 0.717231 
0.528125 40.055306 0.453605 
0.528125 40.840704 0.491936 
0.528125 41.626103 0.919603 
0.528125 42.411501 0.780269 
0.528125 43.196899 0.449609 
0.528125 43.982297 0.517596 
0.528125 44.767695 0.588189 
0.528125 45.553093 0.384763 
0.528125 46.338492 0.253015 
0.528125 47.123890 0.755916 
0.528125 47.909288 0.935891 
0.528125 48.694686 0.379965 
0.528125 49.480084 0.285477 
0.528125 50.265482 0.488671 
0.528125 51.050881 0.455880 
0.528125 51.836279 0.315617 
0.528125 52.621677 0.622630 
0.528125 53.407075 0.991076 
0.528125 54.192473 0.542743 
0.528125 54.977871 0.297273 
0.528125 55.763270 0.569749 
0.528125 56.548668 0.705265 
0.528125 57.334066 0.598207 
0.528125 58.119464 0.554366 
0.528125 58.904862 0.821201 
0.528125 59.690260 0.843430 
0.528125 60.475659 0.540683 
0.528125 61.261057 0.582294 
0.528125 62.046455 0.773695 
0.528125 62.831853 0.778469 
0.528125 63.617251 0.555366 
0.528125 64.402649 0.444963 
0.528125 65.188048 0.813915 
0.528125 65.973446 0.883845 
0.528125 66.758844 0.528784 
0.528125 67.544242 0.506688 
0.528125 68.329640 0.622718 
0.528125 69.115038 0.498277 
0.528125 69.900437 0.247866 
0.528125 70.685835 0.544437 
0.528125 71.471233 0.998647 
0.528125 72.256631 0.571356 
0.528125 73.042029 0.259733 
0.528125 73.827427 0.434603 
0.528125 74.612826 0.487451 
0.528125 75.398224 0.316600 
0.528125 76.183622 0.440068 
0.528125 76.969020 0.953137 
0.528125 77.754418 0.736408 
0.528125 78.539816 0.274632 
0.528125 79.325215 0.448273 
0.528125 80.110613 0.666712 
0.528125 80.896011 0.611670 
0.528125 81.681409 0.516281 
0.528125 82.466807 0.746251 
0.528125 83.252205 0.907294 
0.528125 84.037603 0.582395 
0.528125 84.823002 0.513251 
0.528125 85.608400 0.731696 
0.528125 86.393798 0.809594 
0.528125 87.179196 0.649629 
0.528125 87.964594 0.460219 
0.528125 88.749992 0.699812 
0.528125 89.535391 0.925969 
0.528125 90.320789 0.626698 
0.528125 91.106187 0.507548 
0.528125 91.891585 0.634977 
0.528125 92.676983 0.598992 
0.528125 93.462381 0.322916 
0.528125 94.247780 0.371311 
0.528125 95.033178 0.930488 
0.528125 95.818576 0.779977 
0.528125 96.603974 0.304692 
0.528125 97.389372 0.374463 
0.528125 98.174770 0.501573 
0.528125 98.960169 0.360262 
0.528125 99.745567 0.307759 
0.528125 100.530965 0.804576 

0.543750 0.785398 0.548431 
0.543750 1.570796 0.235069 
0.543750 2.356194 0.430827 
0.543750 3.141593 0.488079 
0.543750 3.926991 0.326612 
0.543750 4.712389 0.480194 
0.543750 5.497787 0.968616 
0.543750 6.283185 0.704175 
0.543750 7.068583 0.291546 
0.543750 7.853982 0.466300 
0.543750 8.639380 0.627756 
0.543750 9.424778 0.511397 
0.543750 10.210176 0.436044 
0.543750 10.995574 0.801546 
0.543750 11.780972 0.904666 
0.543750 12.566371 0.484842 
0.543750 13.351769 0.461241 
0.543750 14.137167 0.657200 
0.543750 14.922565 0.623847 
0.543750 15.707963 0.398005 
0.543750 16.493361 0.516001 
0.543750 17.278760 0.954290 
0.543750 18.064158 0.724609 
0.543750 18.849556 0.392402 
0.543750 19.634954 0.503612 
0.543750 20.420352 0.568860 
0.543750 21.205750 0.357260 
0.543750 21.991149 0.305257 
0.543750 22.776547 0.845012 
0.543750 23.561945 0.875715 
0.543750 24.347343 0.344004 
0.543750 25.132741 0.329339 
0.543750 25.918139 0.481948 
0.543750 26.703538 0.366628 
0.543750 27.488936 0.263275 
0.543750 28.274334 0.733333 
0.543750 29.059732 0.951852 
0.543750 29.845130 0.390239 
0.543750 30.630528 0.278841 
0.543750 31.415927 0.508385 
0.543750 32.201325 0.500362 
0.543750 32.986723 0.356790 
0.543750 33.772121 0.618228 
0.543750 34.557519 0.983178 
0.543750 35.342917 0.588472 
0.543750 36.128316 0.338830 
0.543750 36.913714 0.562770 
0.543750 37.699112 0.658995 
0.543750 38.484510 0.498186 
0.543750 39.269908 0.460362 
0.543750 40.055306 0.852364 
0.543750 40.840704 0.856595 
0.543750 41.626103 0.464703 
0.543750 42.411501 0.495188 
0.543750 43.196899 0.651464 
0.543750 43.982297 0.550951 
0.543750 44.767695 0.325836 
0.543750 45.553093 0.588493 
0.543750 46.338492 0.985643 
0.543750 47.123890 0.607192 
0.543750 47.909288 0.344831 
0.543750 48.694686 0.490170 
0.543750 49.480084 0.495027 
0.543750 50.265482 0.269346 
0.543750 51.050881 0.401672 
0.543750 51.836279 0.959477 
0.543750 52.621677 0.714326 
0.543750 53.407075 0.253927 
0.543750 54.192473 0.370695 
0.543750 54.977871 0.484410 
0.543750 55.763270 0.332698 
0.543750 56.548668 0.359767 
0.543750 57.334066 0.886635 
0.543750 58.119464 0.833013 
0.543750 58.904862 0.304870 
0.543750 59.690260 0.371996 
0.543750 60.475659 0.581860 
0.543750 61.261057 0.513805 
0.543750 62.046455 0.400940 
0.543750 62.831853 0.725737 
0.543750 63.617251 0.950193 
0.543750 64.402649 0.522304 
0.543750 65.188048 0.407975 
0.543750 65.973446 0.627880 
0.543750 66.758844 0.657181 
0.543750 67.544242 0.455611 
0.543750 68.329640 0.475752 
0.543750 69.115038 0.903342 
0.543750 69.900437 0.803853 
0.543750 70.685835 0.432233 
0.543750 71.471233 0.502419 
0.543750 72.256631 0.615600 
0.543750 73.042029 0.450591 
0.543750 73.827427 0.283204 
0.543750 74.612826 0.711873 
0.543750 75.398224 0.964293 
0.543750 76.183622 0.463722 
0.543750 76.969020 0.317950 
0.543750 77.754418 0.481728 
0.543750 78.539816 0.421584 
0.543750 79.325215 0.235368 
0.543750 80.110613 0.566353 
0.543750 80.896011 0.998847 
0.543750 81.681409 0.530470 
0.543750 82.466807 0.236157 
0.543750 83.252205 0.440632 
0.543750 84.037603 0.494805 
0.543750 84.823002 0.335622 
0.543750 85.608400 0.495170 
0.543750 86.393798 0.970408 
0.543750 87.179196 0.696644 
0.543750 87.964594 0.300355 
0.543750 88.749992 0.480706 
0.543750 89.535391 0.638069 
0.543750 90.320789 0.518597 
0.543750 91.106187 0.437755 
0.543750 91.891585 0.797514 
0.543750 92.676983 0.905306 
0.543750 93.462381 0.492688 
0.543750 94.247780 0.465002 
0.543750 95.033178 0.655270 
0.543750 95.818576 0.617917 
0.543750 96.603974 0.387010 
0.543750 97.389372 0.510046 
0.543750 98.174770 0.957805 
0.543750 98.960169 0.721646 
0.543750 99.745567 0.383250 
0.543750 100.530965 0.493649 

0.559375 0.785398 0.549710 
0.559375 1.570796 0.236944 
0.559375 2.356194 0.413984 
0.559375 3.141593 0.438157 
0.559375 3.926991 0.260897 
0.559375 4.712389 0.488414 
0.559375 5.497787 0.990699 
0.559375 6.283185 0.631091 
0.559375 7.068583 0.247875 
0.559375 7.853982 0.410952 
0.559375 8.639380 0.482254 
0.559375 9.424778 0.305949 
0.559375 10.210176 0.421742 
0.559375 10.995574 0.952190 
0.559375 11.780972 0.739773 
0.559375 12.566371 0.285453 
0.559375 13.351769 0.397342 
0.559375 14.137167 0.509867 
0.559375 14.922565 0.343678 
0.559375 15.707963 0.344557 
0.559375 16.493361 0.876318 
0.559375 17.278760 0.847097 
0.559375 18.064158 0.330152 
0.559375 18.849556 0.353656 
0.559375 19.634954 0.496874 
0.559375 20.420352 0.358402 
0.559375 21.205750 0.278312 
0.559375 21.991149 0.784332 
0.559375 22.776547 0.921616 
0.559375 23.561945 0.369101 
0.559375 24.347343 0.297697 
0.559375 25.132741 0.463873 
0.559375 25.918139 0.366412 
0.559375 26.703538 0.245874 
0.559375 27.488936 0.704561 
0.559375 28.274334 0.963722 
0.559375 29.059732 0.410986 
0.559375 29.845130 0.261471 
0.559375 30.630528 0.447981 
0.559375 31.415927 0.396171 
0.559375 32.201325 0.250738 
0.559375 32.986723 0.634669 
0.559375 33.772121 0.989482 
0.559375 34.557519 0.480168 
0.559375 35.342917 0.256776 
0.559375 36.128316 0.453204 
0.559375 36.913714 0.448134 
0.559375 37.699112 0.276223 
0.559375 38.484510 0.550636 
0.559375 39.269908 0.995809 
0.559375 40.055306 0.586268 
0.559375 40.840704 0.270327 
0.559375 41.626103 0.447289 
0.559375 42.411501 0.488589 
0.559375 43.196899 0.298535 
0.559375 43.982297 0.448319 
0.559375 44.767695 0.967627 
0.559375 45.553093 0.704378 
0.559375 46.338492 0.283797 
0.559375 47.123890 0.406875 
0.559375 47.909288 0.490905 
0.559375 48.694686 0.306532 
0.559375 49.480084 0.354777 
0.559375 50.265482 0.910747 
0.559375 51.050881 0.799256 
0.559375 51.836279 0.292212 
0.559375 52.621677 0.348357 
0.559375 53.407075 0.470365 
0.559375 54.192473 0.313928 
0.559375 54.977871 0.297730 
0.559375 55.763270 0.848359 
0.559375 56.548668 0.864525 
0.559375 57.334066 0.309022 
0.559375 58.119464 0.306364 
0.559375 58.904862 0.463659 
0.559375 59.690260 0.344720 
0.559375 60.475659 0.278830 
0.559375 61.261057 0.784720 
0.559375 62.046455 0.919386 
0.559375 62.831853 0.356957 
0.559375 63.617251 0.293279 
0.559375 64.402649 0.479243 
0.559375 65.188048 0.400394 
0.559375 65.973446 0.278502 
0.559375 66.758844 0.699702 
0.559375 67.544242 0.969298 
0.559375 68.329640 0.445711 
0.559375 69.115038 0.291539 
0.559375 69.900437 0.485913 
0.559375 70.685835 0.450362 
0.559375 71.471233 0.276614 
0.559375 72.256631 0.586796 
0.559375 73.042029 0.994979 
0.559375 73.827427 0.555084 
0.559375 74.612826 0.280675 
0.559375 75.398224 0.455298 
0.559375 76.183622 0.465805 
0.559375 76.969020 0.268165 
0.559375 77.754418 0.474037 
0.559375 78.539816 0.985215 
0.559375 79.325215 0.651257 
0.559375 80.110613 0.260990 
0.559375 80.896011 0.400310 
0.559375 81.681409 0.456664 
0.559375 82.466807 0.267124 
0.559375 83.252205 0.394778 
0.559375 84.037603 0.953819 
0.559375 84.823002 0.724462 
0.559375 85.608400 0.252083 
0.559375 86.393798 0.358278 
0.559375 87.179196 0.459143 
0.559375 87.964594 0.293367 
0.559375 88.749992 0.352065 
0.559375 89.535391 0.911036 
0.559375 90.320789 0.795685 
0.559375 91.106187 0.276052 
0.559375 91.891585 0.344008 
0.559375 92.676983 0.486017 
0.559375 93.462381 0.347272 
0.559375 94.247780 0.323271 
0.559375 95.033178 0.842748 
0.559375 95.818576 0.878285 
0.559375 96.603974 0.339620 
0.559375 97.389372 0.336115 
0.559375 98.174770 0.507270 
0.559375 98.960169 0.400477 
0.559375 99.745567 0.290302 
0.559375 100.530965 0.738561 

0.575000 0.785398 0.551023 
0.575000 1.570796 0.239014 
0.575000 2.356194 0.397633 
0.575000 3.141593 0.389200 
0.575000 3.926991 0.203825 
0.575000 4.712389 0.510611 
0.575000 5.497787 0.997829 
0.575000 6.283185 0.556394 
0.575000 7.068583 0.212498 
0.575000 7.853982 0.344672 
0.575000 8.639380 0.321995 
0.575000 9.424778 0.151351 
0.575000 10.210176 0.519732 
0.575000 10.995574 0.987543 
0.575000 11.780972 0.485425 
0.575000 12.566371 0.160015 
0.575000 13.351769 0.300696 
0.575000 14.137167 0.268293 
0.575000 14.922565 0.149855 
0.575000 15.707963 0.601428 
0.575000 16.493361 0.968422 
0.575000 17.278760 0.392240 
0.575000 18.064158 0.151858 
0.575000 18.849556 0.325152 
0.575000 19.634954 0.283382 
0.575000 20.420352 0.204160 
0.575000 21.205750 0.690129 
0.575000 21.991149 0.954296 
0.575000 22.776547 0.359596 
0.575000 23.561945 0.203435 
0.575000 24.347343 0.395366 
0.575000 25.132741 0.339315 
0.575000 25.918139 0.248723 
0.575000 26.703538 0.713826 
0.575000 27.488936 0.959006 
0.575000 28.274334 0.395859 
0.575000 29.059732 0.255231 
0.575000 29.845130 0.433168 
0.575000 30.630528 0.358816 
0.575000 31.415927 0.231215 
0.575000 32.201325 0.681512 
0.575000 32.986723 0.970998 
0.575000 33.772121 0.425006 
0.575000 34.557519 0.247712 
0.575000 35.342917 0.398012 
0.575000 36.128316 0.308806 
0.575000 36.913714 0.180633 
0.575000 37.699112 0.668672 
0.575000 38.484510 0.958832 
0.575000 39.269908 0.382359 
0.575000 40.055306 0.196805 
0.575000 40.840704 0.335603 
0.575000 41.626103 0.240367 
0.575000 42.411501 0.171533 
0.575000 43.196899 0.722824 
0.575000 43.982297 0.911343 
0.575000 44.767695 0.295331 
0.575000 45.553093 0.174452 
0.575000 46.338492 0.323620 
0.575000 47.123890 0.226327 
0.575000 47.909288 0.228305 
0.575000 48.694686 0.808116 
0.575000 49.480084 0.860816 
0.575000 50.265482 0.247695 
0.575000 51.050881 0.218217 
0.575000 51.836279 0.379044 
0.575000 52.621677 0.272512 
0.575000 53.407075 0.292238 
0.575000 54.192473 0.853809 
0.575000 54.977871 0.849116 
0.575000 55.763270 0.273738 
0.575000 56.548668 0.283495 
0.575000 57.334066 0.437842 
0.575000 58.119464 0.311325 
0.575000 58.904862 0.295617 
0.575000 59.690260 0.840734 
0.575000 60.475659 0.872099 
0.575000 61.261057 0.316622 
0.575000 62.046455 0.298579 
0.575000 62.831853 0.431271 
0.575000 63.617251 0.285257 
0.575000 64.402649 0.249273 
0.575000 65.188048 0.818617 
0.575000 65.973446 0.876644 
0.575000 66.758844 0.302024 
0.575000 67.544242 0.253923 
0.575000 68.329640 0.367617 
0.575000 69.115038 0.217252 
0.575000 69.900437 0.230550 
0.575000 70.685835 0.840169 
0.575000 71.471233 0.823907 
0.575000 72.256631 0.231751 
0.575000 73.042029 0.214401 
0.575000 73.827427 0.322068 
0.575000 74.612826 0.181512 
0.575000 75.398224 0.285196 
0.575000 76.183622 0.899502 
0.575000 76.969020 0.742809 
0.575000 77.754418 0.179211 
0.575000 78.539816 0.239394 
0.575000 79.325215 0.347299 
0.575000 80.110613 0.211652 
0.575000 80.896011 0.367840 
0.575000 81.681409 0.947248 
0.575000 82.466807 0.700630 
0.575000 83.252205 0.195144 
0.575000 84.037603 0.309466 
0.575000 84.823002 0.411226 
0.575000 85.608400 0.260006 
0.575000 86.393798 0.398040 
0.575000 87.179196 0.953720 
0.575000 87.964594 0.720086 
0.575000 88.749992 0.244505 
0.575000 89.535391 0.349662 
0.575000 90.320789 0.435366 
0.575000 91.106187 0.257765 
0.575000 91.891585 0.362099 
0.575000 92.676983 0.938446 
0.575000 93.462381 0.746310 
0.575000 94.247780 0.252919 
0.575000 95.033178 0.320784 
0.575000 95.818576 0.387881 
0.575000 96.603974 0.200613 
0.575000 97.389372 0.331639 
0.575000 98.174770 0.937657 
0.575000 98.960169 0.711179 
0.575000 99.745567 0.201491 
0.575000 100.530965 0.267386 

0.590625 0.785398 0.552370 
0.590625 1.570796 0.241290 
0.590625 2.356194 0.381876 
0.590625 3.141593 0.341862 
0.590625 3.926991 0.156733 
0.590625 4.712389 0.542974 
0.590625 5.497787 0.988966 
0.590625 6.283185 0.486084 
0.590625 7.068583 0.184048 
0.590625 7.853982 0.272368 
0.590625 8.639380 0.172399 
0.590625 9.424778 0.088995 
0.590625 10.210176 0.658348 
0.590625 10.995574 0.871225 
0.590625 11.780972 0.256908 
0.590625 12.566371 0.088103 
0.590625 13.351769 0.161890 
0.590625 14.137167 0.058350 
0.590625 14.922565 0.241660 
0.590625 15.707963 0.857791 
0.590625 16.493361 0.608261 
0.590625 17.278760 0.068037 
0.590625 18.064158 0.129485 
0.590625 18.849556 0.182814 
0.590625 19.634954 0.120259 
0.590625 20.420352 0.534117 
0.590625 21.205750 0.958424 
0.590625 21.991149 0.394041 
0.590625 22.776547 0.097808 
0.590625 23.561945 0.297242 
0.590625 24.347343 0.297128 
0.590625 25.132741 0.241362 
0.590625 25.918139 0.709108 
0.590625 26.703538 0.957315 
0.590625 27.488936 0.374377 
0.590625 28.274334 0.231561 
0.590625 29.059732 0.415366 
0.590625 29.845130 0.337911 
0.590625 30.630528 0.236442 
0.590625 31.415927 0.724617 
0.590625 32.201325 0.950694 
0.590625 32.986723 0.395661 
0.590625 33.772121 0.254172 
0.590625 34.557519 0.364380 
0.590625 35.342917 0.217556 
0.590625 36.128316 0.158702 
0.590625 36.913714 0.763289 
0.590625 37.699112 0.866571 
0.590625 38.484510 0.266262 
0.590625 39.269908 0.158030 
0.590625 40.055306 0.213153 
0.590625 40.840704 0.064757 
0.590625 41.626103 0.246354 
0.590625 42.411501 0.871423 
0.590625 43.196899 0.603088 
0.590625 43.982297 0.080815 
0.590625 44.767695 0.117184 
0.590625 45.55309